test/input/morph/aspect.asc
ncols                480
nrows                580
xllcorner      3451124.0
yllcorner      5321772.5
cellsize             100
NODATA_value       -9999
[rows 280 to 307 of 580, columns 62 to 123 of 480]
-9999.000 -9999.000 -9999.000 -9999.000 -9999.000 -9999.000 -9999.000 -9999.000 -9999.000 -9999.000 -9999.000 -9999.000 -9999.000 -9999.000 -9999.000 -9999.000 -9999.000 -9999.000 -9999.000 -9999.000 -9999.000 -9999.000 86.634 96.340 50.194 40.426 47.291 74.745 84.289 88.531 96.340 98.130 81.870 72.897 63.435 56.310 69.444 90.000 122.735 159.444 181.848 129.560 99.462 92.386 81.469 273.136 267.330 244.440 198.435 211.607 199.440 185.711 173.290 142.595 45.000 322.125 277.431 279.162 292.751 315.000 0.000 34.992
-9999.000 -9999.000 -9999.000 -9999.000 -9999.000 -9999.000 -9999.000 -9999.000 -9999.000 -9999.000 -9999.000 -9999.000 -9999.000 -9999.000 -9999.000 -9999.000 -9999.000 -9999.000 -9999.000 -9999.000 -9999.000 -9999.000 59.036 41.634 56.310 115.710 123.311 115.560 107.300 113.839 138.013 145.008 156.038 120.964 104.036 21.801 9.162 26.565 41.348 26.565 353.290 24.444 50.356 73.393 78.024 268.688 259.634 215.134 197.103 207.758 181.548 197.447 228.814 329.036 323.746 338.962 330.255 302.005 290.772 273.366 206.565 101.310
-9999.000 -9999.000 -9999.000 -9999.000 -9999.000 -9999.000 -9999.000 -9999.000 -9999.000 -9999.000 -9999.000 -9999.000 -9999.000 -9999.000 -9999.000 -9999.000 -9999.000 -9999.000 -9999.000 -9999.000 -9999.000 25.560 30.379 45.000 91.469 119.055 133.363 124.115 92.121 91.169 110.225 114.444 0.000 32.005 22.620 350.538 351.027 48.366 68.629 59.621 23.199 90.000 75.069 75.343 76.608 255.256 240.792 206.003 216.870 237.339 188.130 284.534 299.931 352.875 294.444 278.973 294.444 261.870 225.000 203.749 198.435 124.695
-9999.000 -9999.000 -9999.000 -9999.000 -9999.000 -9999.000 -9999.000 -9999.000 -9999.000 -9999.000 -9999.000 -9999.000 -9999.000 -9999.000 -9999.000 -9999.000 -9999.000 -9999.000 -9999.000 -9999.000 120.964 50.711 56.889 91.469 102.529 103.299 108.435 75.964 78.690 84.987 50.194 4.764 350.218 18.435 45.000 63.435 168.690 101.310 79.287 57.265 24.444 36.027 39.806 63.435 62.199 270.000 251.565 248.962 271.637 286.607 337.834 311.186 298.301 81.870 188.130 218.290 201.038 205.710 210.256 239.931 280.008 45.000
-9999.000 -9999.000 -9999.000 -9999.000 -9999.000 -9999.000 -9999.000 -9999.000 -9999.000 -9999.000 -9999.000 -9999.000 -9999.000 -9999.000 -9999.000 -9999.000 -9999.000 -9999.000 111.037 118.301 168.024 184.185 143.130 129.428 116.565 95.826 48.576 344.476 55.620 64.885 16.928 12.995 116.565 129.806 102.995 29.055 0.000 30.069 49.574 38.157 14.036 33.690 47.603 64.855 61.113 345.256 272.545 279.162 285.642 285.101 317.490 317.490 321.340 90.000 126.870 201.038 233.746 258.690 273.013 277.595 283.392 63.435
-9999.000 -9999.000 -9999.000 -9999.000 -9999.000 -9999.000 -9999.000 -9999.000 -9999.000 -9999.000 -9999.000 -9999.000 -9999.000 -9999.000 -9999.000 -9999.000 -9999.000 145.784 142.853 135.000 160.710 204.145 119.476 63.435 25.463 36.870 18.435 331.504 54.273 58.799 33.690 56.310 86.186 95.194 11.310 0.000 353.660 51.340 68.629 59.931 15.945 47.862 51.843 53.881 61.460 45.000 276.892 276.096 268.025 255.530 250.560 253.611 180.000 108.435 118.301 194.036 254.745 270.000 276.340 259.509 243.435 180.000
-9999.000 -9999.000 -9999.000 -9999.000 -9999.000 -9999.000 144.462 154.654 177.274 144.462 225.000 -9999.000 -9999.000 -9999.000 -9999.000 -9999.000 147.529 135.000 145.176 138.013 344.745 332.819 12.381 14.349 17.447 64.855 85.601 228.814 105.461 92.490 71.565 50.711 36.469 31.759 15.255 116.565 161.565 157.380 138.013 129.289 135.000 93.013 87.709 80.838 81.870 64.290 279.360 275.301 263.991 244.855 218.830 202.011 185.440 167.905 147.529 165.964 237.529 245.855 242.103 250.017 257.735 270.000
-9999.000 -9999.000 -9999.000 -9999.000 141.340 140.711 142.352 171.469 190.620 167.905 191.310 216.573 214.115 191.310 180.000 186.340 81.870 71.565 42.797 339.905 337.109 343.611 6.340 36.870 60.524 87.089 91.081 216.870 113.749 114.717 153.435 118.301 90.000 86.634 105.945 117.897 130.601 145.305 128.660 135.000 149.036 128.991 127.875 107.242 95.599 64.983 281.547 281.056 285.642 254.055 217.235 205.906 186.953 200.376 220.601 108.435 244.983 244.983 228.367 236.889 239.036 205.346
-9999.000 -9999.000 -9999.000 -9999.000 147.095 135.000 123.690 162.646 186.340 178.727 188.973 219.806 218.089 182.726 187.765 208.740 243.435 28.301 12.171 348.690 356.634 135.000 198.435 84.289 77.905 80.538 77.471 351.870 76.866 92.231 156.801 168.111 163.443 158.199 146.310 119.745 94.399 45.000 53.130 111.037 138.013 140.194 148.240 125.538 109.231 281.310 279.554 282.995 298.301 254.055 236.310 225.000 176.633 219.560 229.574 180.000 212.471 245.855 258.690 249.444 199.654 185.194
-9999.000 -9999.000 -9999.000 77.735 79.380 112.166 98.746 78.690 125.538 257.005 311.634 307.405 201.801 171.158 184.236 202.286 207.719 209.578 239.036 11.310 66.038 102.995 184.399 131.186 114.775 97.524 82.569 336.038 65.854 77.593 90.000 145.620 151.928 164.055 176.186 172.304 165.069 170.838 158.199 152.526 156.541 163.740 168.690 144.866 104.535 286.389 269.421 259.330 198.435 225.000 230.194 201.038 168.690 199.983 213.690 198.435 197.103 246.038 260.538 180.000 153.435 186.340
-9999.000 -9999.000 -9999.000 91.975 91.219 98.616 105.255 78.690 79.992 276.843 278.746 144.462 141.009 158.629 180.000 195.255 203.682 211.218 207.350 190.305 151.928 139.399 169.287 161.565 147.201 135.000 144.462 189.462 139.667 106.526 97.431 105.255 120.379 140.042 175.764 184.236 180.000 169.287 150.068 135.000 129.289 156.801 278.130 16.390 51.009 291.801 261.098 246.571 206.565 240.524 230.711 175.601 169.992 176.987 210.256 220.030 231.710 254.249 237.529 167.005 135.000 261.870
-9999.000 -9999.000 -9999.000 113.199 107.745 116.565 151.699 150.422 153.435 210.173 216.870 183.013 21.038 356.987 358.781 16.699 3.366 219.289 194.657 193.201 176.820 157.011 168.366 168.690 157.443 138.240 140.290 173.211 161.917 144.620 137.045 111.801 84.472 57.995 1.469 350.134 352.569 10.305 22.521 20.854 25.017 3.814 339.905 14.931 65.556 90.000 257.381 253.301 242.354 248.962 219.806 161.565 168.690 206.565 255.964 263.157 267.879 254.055 227.726 186.340 225.000 298.301
-9999.000 -9999.000 -9999.000 126.573 114.775 122.005 119.745 90.000 79.992 288.435 292.249 323.616 347.347 353.367 3.366 45.000 66.251 119.055 160.463 205.463 188.531 143.130 154.440 149.036 56.310 41.424 37.476 50.826 90.000 118.301 12.995 11.310 21.371 7.883 353.501 357.064 0.855 15.255 24.076 20.854 24.864 13.671 354.806 36.870 45.000 22.834 284.036 227.726 219.560 240.945 243.435 135.000 180.000 225.000 243.435 270.000 267.709 229.764 206.565 218.991 264.806 283.570
-9999.000 -9999.000 175.601 162.897 99.689 68.629 345.466 17.021 10.222 337.443 322.815 323.130 6.340 118.301 149.535 147.995 150.068 108.435 40.601 320.194 346.608 66.251 5.194 336.250 358.452 11.310 18.970 39.936 44.275 13.299 353.367 6.340 18.435 2.121 343.611 45.000 101.310 93.366 79.695 67.620 57.995 45.000 29.745 12.529 31.608 26.565 45.000 182.121 230.599 232.595 197.526 186.710 186.843 194.744 249.775 277.125 283.392 288.435 180.000 225.000 232.853 240.068
154.026 171.469 241.928 306.870 27.759 19.134 338.806 1.081 16.390 329.036 315.000 191.310 147.724 149.349 154.359 153.435 323.130 357.138 4.764 340.710 12.995 56.310 0.000 296.565 315.000 102.995 140.440 106.821 59.574 14.982 14.744 54.462 84.806 101.310 135.000 116.565 90.000 71.565 62.103 49.086 40.914 32.905 23.962 11.310 59.036 66.801 56.310 33.232 288.435 236.689 188.842 207.758 214.992 251.565 281.976 289.440 301.759 4.399 32.471 198.435 209.358 211.908
161.565 253.072 302.471 327.875 6.633 11.725 347.829 16.189 61.699 290.556 180.000 131.820 117.350 85.601 349.992 345.069 343.496 346.608 6.953 17.103 45.000 36.870 8.130 0.000 71.565 121.866 139.316 166.535 175.101 350.538 61.189 69.305 19.983 24.444 45.000 5.194 11.310 25.560 29.476 24.775 28.301 41.634 39.289 18.435 41.424 25.560 14.036 14.349 342.553 341.565 251.565 276.710 293.750 302.471 285.255 270.000 275.906 348.690 29.055 49.086 105.255 202.751
210.069 285.101 288.997 302.471 340.017 5.194 30.964 100.620 106.699 285.255 23.199 34.992 18.435 3.814 343.217 347.196 18.435 315.000 135.000 123.690 146.310 165.964 173.660 105.255 113.963 106.504 104.826 142.431 207.121 197.745 141.115 9.782 351.305 14.621 27.255 13.671 11.310 32.905 56.310 90.000 102.995 69.444 25.017 14.036 32.005 10.305 4.399 10.491 23.199 59.036 296.565 276.009 278.130 266.634 247.380 236.310 257.196 297.646 29.476 59.036 74.358 71.565
270.000 278.130 267.510 254.358 281.310 9.462 94.185 110.095 161.565 295.017 329.036 358.727 4.574 357.397 6.843 101.310 132.274 153.435 158.552 159.341 169.077 174.289 183.576 181.081 156.371 101.822 80.838 79.287 204.444 205.560 253.611 304.992 333.138 15.461 26.114 33.158 53.130 105.945 108.435 108.435 113.199 66.801 23.199 36.870 30.964 351.870 7.125 23.199 49.086 48.366 347.005 271.848 252.897 230.194 236.310 231.340 246.801 249.145 90.000 83.660 94.086 98.130
276.340 280.222 274.899 267.879 273.013 347.005 62.969 46.637 353.660 330.642 316.909 342.553 20.556 45.000 110.556 133.315 148.570 136.548 145.176 168.690 191.310 98.130 156.038 219.560 258.690 45.000 48.991 56.768 75.964 219.806 263.367 259.902 220.365 191.310 34.695 60.038 77.005 114.775 128.660 105.255 14.036 36.870 71.565 116.565 146.310 213.690 180.000 63.435 18.435 23.199 19.799 294.444 245.556 243.435 225.000 208.611 226.548 229.865 205.017 106.189 81.254 18.435
259.902 251.565 255.964 257.735 262.235 298.073 28.301 31.504 19.290 325.784 310.764 337.620 90.000 119.055 116.565 42.138 8.427 35.362 37.725 353.660 336.541 10.008 29.539 340.463 302.471 49.764 49.970 63.435 77.005 183.367 226.507 216.416 188.902 204.027 206.565 110.556 95.528 91.736 81.870 26.565 0.000 26.565 50.194 82.875 135.000 278.130 341.565 341.565 315.000 21.038 52.125 45.000 270.000 253.611 175.601 180.000 211.866 228.576 220.236 153.435 90.000 45.000
246.571 241.113 226.432 199.134 228.503 248.962 333.435 57.724 56.310 315.000 259.992 153.435 137.545 138.576 178.264 287.241 340.866 25.017 26.822 6.499 344.539 19.799 59.421 64.440 192.265 164.745 161.565 95.013 89.356 123.111 211.430 208.443 189.090 206.939 199.983 151.189 118.740 98.746 80.538 101.310 168.690 180.000 105.255 69.444 352.875 333.435 10.008 11.310 293.199 90.000 83.660 71.565 278.130 254.745 135.000 146.310 217.405 243.925 236.976 198.435 170.538 135.000
232.496 238.240 248.806 284.036 270.000 244.502 210.530 135.000 107.354 198.435 162.897 145.305 125.218 88.264 180.000 218.830 202.989 169.875 135.000 54.462 98.130 146.003 151.389 120.465 138.814 198.435 225.000 90.000 87.397 84.289 195.255 205.017 194.744 195.255 192.095 168.690 135.000 117.897 119.745 140.194 175.601 180.000 156.801 45.000 329.036 315.000 33.690 21.801 18.435 126.870 126.254 128.660 231.340 212.471 140.711 135.000 248.962 264.560 252.553 220.914 204.444 135.000
220.030 249.775 273.216 311.906 345.256 242.103 233.881 135.000 137.045 178.152 145.620 98.973 40.236 34.695 59.621 156.801 188.130 181.685 185.194 178.995 136.507 115.974 153.435 29.745 27.255 0.000 329.036 39.958 58.055 59.036 57.095 156.801 193.393 198.435 212.905 201.801 123.690 119.745 113.199 111.037 165.964 186.340 213.690 225.000 239.036 198.435 180.000 180.000 105.255 113.199 108.435 104.036 174.806 180.000 175.601 165.964 254.745 275.194 283.570 297.897 323.130 354.806
254.745 256.159 243.199 212.692 186.072 240.255 255.964 115.346 104.744 187.125 215.538 68.199 30.964 82.875 80.538 51.340 70.017 143.746 183.367 181.273 180.000 12.995 3.504 0.000 55.784 97.431 248.199 338.199 47.684 45.000 40.515 49.970 59.036 215.538 225.000 209.745 135.000 78.690 51.340 59.036 63.435 161.565 215.538 206.565 206.565 188.130 164.745 171.870 161.565 113.199 68.199 63.435 90.000 129.289 195.945 216.870 276.710 285.069 304.509 321.340 334.094 358.264
285.255 247.932 236.113 225.000 231.710 244.654 222.879 165.964 116.565 163.611 218.991 225.000 5.194 62.354 72.759 66.038 86.987 104.535 150.255 176.186 239.744 257.905 45.000 114.146 133.452 141.340 220.030 225.000 109.654 66.801 66.448 75.141 54.462 30.964 213.690 210.964 180.000 153.435 146.310 124.695 111.801 123.690 194.036 180.000 192.529 198.435 144.462 152.103 194.036 184.399 141.340 135.000 93.814 74.055 333.435 290.556 288.435 291.297 306.634 318.945 330.255 9.462
296.565 225.000 255.736 265.462 246.801 225.000 208.496 173.290 141.710 155.726 215.311 247.932 125.538 123.232 129.806 128.290 106.699 109.440 142.595 186.340 222.138 214.046 176.497 136.332 131.055 146.310 206.565 197.526 167.969 145.885 117.646 64.093 8.531 27.350 26.565 336.801 135.000 146.310 153.435 135.000 108.435 81.870 90.000 125.538 180.000 194.744 161.565 116.565 288.435 161.565 149.036 155.556 135.000 98.130 341.565 291.801 280.885 284.827 300.173 315.000 321.710 4.764
71.565 164.745 238.707 231.115 208.856 226.591 218.157 152.928 149.995 169.077 260.272 282.426 62.354 73.811 24.444 31.504 48.366 35.272 15.642 357.709 347.196 348.024 14.036 43.025 29.578 16.928 98.130 148.393 154.799 129.644 71.565 343.301 18.435 39.289 27.350 21.801 35.538 26.565 16.390 18.435 32.471 36.870 26.565 51.340 35.538 18.435 305.538 338.962 8.130 51.340 95.194 135.000 315.000 341.565 337.249 330.945 312.274 286.783 278.130 282.529 286.389 326.310
57.095 71.565 221.987 219.053 222.709 237.381 192.995 141.009 147.995 252.255 289.075 309.053 35.538 32.661 356.186 21.194 25.346 9.211 8.130 2.862 0.000 3.814 7.001 17.850 21.297 33.408 68.199 98.130 135.000 94.764 299.931 305.754 53.531 67.834 70.201 93.366 98.130 71.565 96.340 120.964 96.340 63.435 0.000 29.745 16.390 16.390 325.305 326.310 104.036 113.199 102.995 345.964 324.866 336.501 333.435 336.448 342.553 319.289 302.905 311.424 304.695 282.995
