test/input/morph/aspect.asc
ncols                480
nrows                580
xllcorner      3451124.0
yllcorner      5321772.5
cellsize             100
NODATA_value       -9999
[rows 112 to 139 of 580, columns 186 to 247 of 480]
-9999.000 -9999.000 -9999.000 -9999.000 -9999.000 -9999.000 -9999.000 -9999.000 -9999.000 -9999.000 -9999.000 -9999.000 -9999.000 -9999.000 -9999.000 -9999.000 -9999.000 -9999.000 -9999.000 -9999.000 -9999.000 -9999.000 -9999.000 -9999.000 -9999.000 -9999.000 -9999.000 -9999.000 -9999.000 -9999.000 225.000 150.642 152.928 126.254 34.919 29.521 19.359 9.162 10.408 40.601 71.565 73.610 43.531 5.440 8.820 19.269 19.592 11.310 17.501 50.247 54.462 356.820 315.000 292.380 95.194 70.641 53.973 60.945 190.408 184.635 176.186 170.676
-9999.000 -9999.000 -9999.000 -9999.000 -9999.000 -9999.000 -9999.000 -9999.000 -9999.000 -9999.000 -9999.000 -9999.000 -9999.000 -9999.000 -9999.000 -9999.000 -9999.000 -9999.000 -9999.000 -9999.000 -9999.000 -9999.000 -9999.000 -9999.000 -9999.000 -9999.000 -9999.000 -9999.000 -9999.000 206.565 153.435 148.496 323.746 331.389 2.663 35.811 32.005 15.945 17.176 28.072 25.866 20.924 15.255 2.386 25.710 41.634 29.539 15.124 17.650 37.875 23.279 2.816 2.203 7.696 48.504 118.073 149.264 152.038 166.109 181.668 178.877 176.112
-9999.000 -9999.000 -9999.000 -9999.000 -9999.000 -9999.000 -9999.000 -9999.000 -9999.000 -9999.000 -9999.000 -9999.000 -9999.000 -9999.000 -9999.000 -9999.000 -9999.000 -9999.000 -9999.000 -9999.000 -9999.000 -9999.000 -9999.000 -9999.000 -9999.000 -9999.000 -9999.000 -9999.000 81.870 149.931 135.000 281.310 307.747 326.310 125.538 122.196 99.782 37.405 19.654 23.839 24.905 20.056 20.056 22.694 17.103 23.749 60.945 95.194 344.055 23.385 17.354 14.036 28.836 49.316 79.114 100.460 138.180 156.644 161.095 192.095 186.953 157.109
-9999.000 -9999.000 -9999.000 -9999.000 -9999.000 -9999.000 -9999.000 -9999.000 -9999.000 -9999.000 -9999.000 -9999.000 -9999.000 -9999.000 -9999.000 -9999.000 -9999.000 -9999.000 -9999.000 -9999.000 -9999.000 -9999.000 -9999.000 -9999.000 -9999.000 -9999.000 -9999.000 -9999.000 120.069 119.055 60.945 293.199 277.883 135.000 122.905 118.301 60.945 59.036 18.435 26.565 38.991 25.821 32.276 34.992 17.592 38.290 79.216 112.891 208.811 189.246 147.680 138.691 136.710 127.725 81.098 68.398 59.036 45.000 40.236 315.000 340.017 42.614
141.115 -9999.000 -9999.000 -9999.000 -9999.000 -9999.000 -9999.000 -9999.000 -9999.000 -9999.000 -9999.000 -9999.000 -9999.000 -9999.000 -9999.000 -9999.000 -9999.000 -9999.000 -9999.000 -9999.000 -9999.000 -9999.000 -9999.000 -9999.000 -9999.000 -9999.000 -9999.000 -9999.000 10.008 357.797 356.729 327.995 278.130 117.181 109.983 139.399 150.524 156.371 181.736 176.424 162.758 155.855 144.162 145.620 160.641 138.691 97.374 75.466 326.310 155.556 125.074 120.426 110.854 52.125 39.144 60.005 53.130 35.538 26.565 345.379 354.473 11.889
160.710 -9999.000 -9999.000 -9999.000 -9999.000 -9999.000 -9999.000 -9999.000 -9999.000 -9999.000 -9999.000 -9999.000 -9999.000 -9999.000 -9999.000 -9999.000 -9999.000 -9999.000 -9999.000 -9999.000 -9999.000 -9999.000 -9999.000 -9999.000 -9999.000 -9999.000 -9999.000 -9999.000 342.824 340.974 4.574 34.992 149.036 135.000 106.189 102.529 111.801 115.017 180.000 161.565 154.983 135.000 119.745 117.646 124.380 127.235 87.510 35.272 7.524 38.089 66.318 56.041 34.992 24.146 42.138 64.213 48.900 30.466 24.887 8.746 5.711 358.919
172.875 155.726 -9999.000 -9999.000 -9999.000 -9999.000 -9999.000 -9999.000 -9999.000 -9999.000 -9999.000 -9999.000 -9999.000 -9999.000 -9999.000 -9999.000 -9999.000 -9999.000 -9999.000 -9999.000 -9999.000 -9999.000 -9999.000 -9999.000 -9999.000 -9999.000 -9999.000 -9999.000 350.707 348.690 53.130 82.694 96.340 116.565 86.186 52.595 30.256 16.390 4.635 21.801 34.380 48.576 45.000 22.751 43.091 60.068 48.180 19.799 30.964 55.954 50.315 31.264 23.629 22.751 40.486 71.565 60.945 36.416 26.565 14.323 8.653 359.370
182.121 167.196 -9999.000 -9999.000 -9999.000 -9999.000 -9999.000 -9999.000 -9999.000 -9999.000 -9999.000 -9999.000 -9999.000 -9999.000 -9999.000 -9999.000 -9999.000 -9999.000 -9999.000 -9999.000 -9999.000 -9999.000 -9999.000 -9999.000 -9999.000 -9999.000 -9999.000 -9999.000 8.973 20.225 42.138 63.970 70.821 66.038 18.435 7.431 4.635 3.814 2.291 23.199 34.380 30.379 25.017 10.008 49.899 56.634 18.435 18.435 37.235 39.094 30.256 22.964 18.435 25.201 55.561 76.799 72.350 27.897 12.995 9.360 5.981 357.955
194.535 192.529 -9999.000 -9999.000 -9999.000 -9999.000 -9999.000 -9999.000 -9999.000 -9999.000 -9999.000 -9999.000 -9999.000 -9999.000 -9999.000 -9999.000 -9999.000 -9999.000 -9999.000 -9999.000 -9999.000 -9999.000 -9999.000 -9999.000 -9999.000 -9999.000 -9999.000 -9999.000 161.565 153.435 68.962 68.962 65.376 52.431 0.000 330.255 345.256 357.510 14.744 59.744 65.556 48.366 29.055 11.310 59.470 43.315 0.000 15.255 22.932 22.620 28.142 27.121 23.199 40.486 61.535 53.807 20.158 4.708 0.000 1.397 2.603 358.668
211.760 212.905 185.194 -9999.000 -9999.000 -9999.000 -9999.000 -9999.000 -9999.000 -9999.000 -9999.000 -9999.000 -9999.000 -9999.000 -9999.000 -9999.000 -9999.000 -9999.000 -9999.000 -9999.000 -9999.000 -9999.000 -9999.000 -9999.000 -9999.000 -9999.000 -9999.000 -9999.000 171.870 198.435 129.806 112.380 101.310 100.008 152.103 205.560 213.690 188.130 140.440 142.352 140.906 148.240 154.983 154.654 115.560 27.897 345.579 14.349 21.038 27.897 48.180 60.945 79.695 88.363 75.964 51.710 12.995 10.008 7.595 2.291 6.633 11.310
191.003 190.098 188.366 177.089 173.367 250.821 -9999.000 -9999.000 -9999.000 -9999.000 -9999.000 -9999.000 -9999.000 -9999.000 -9999.000 -9999.000 -9999.000 -9999.000 -9999.000 -9999.000 -9999.000 -9999.000 -9999.000 -9999.000 -9999.000 -9999.000 338.199 79.992 141.340 168.690 150.422 139.667 152.020 154.359 157.620 188.973 199.983 186.953 144.462 136.397 154.573 176.532 177.089 165.964 180.000 211.607 229.086 168.690 52.125 42.510 63.435 81.870 114.444 123.690 115.017 107.526 128.660 114.444 90.000 81.870 111.037 131.424
189.293 194.744 195.255 178.025 188.673 217.278 -9999.000 -9999.000 -9999.000 -9999.000 -9999.000 -9999.000 -9999.000 -9999.000 -9999.000 -9999.000 -9999.000 -9999.000 -9999.000 -9999.000 -9999.000 -9999.000 -9999.000 -9999.000 -9999.000 -9999.000 -9999.000 108.435 128.418 153.925 154.573 138.691 153.435 182.045 173.660 168.690 189.090 187.853 162.897 133.091 148.240 181.193 184.600 175.236 194.264 209.624 203.499 196.557 182.121 156.801 103.570 100.305 111.571 117.758 113.199 108.435 141.710 158.962 156.371 165.256 155.772 152.819
339.444 337.166 338.750 18.435 335.225 303.024 -9999.000 -9999.000 -9999.000 -9999.000 -9999.000 -9999.000 -9999.000 -9999.000 -9999.000 -9999.000 -9999.000 -9999.000 -9999.000 -9999.000 -9999.000 -9999.000 -9999.000 -9999.000 -9999.000 -9999.000 65.556 100.492 96.953 108.435 130.815 129.401 141.710 198.435 177.397 158.199 168.944 186.216 182.726 133.668 144.560 183.814 192.131 187.765 202.796 215.134 209.055 208.301 186.340 164.982 129.920 114.146 104.036 90.000 80.218 85.815 99.462 123.690 117.646 138.180 142.431 144.462
335.095 346.608 352.999 15.068 346.218 323.297 -9999.000 -9999.000 -9999.000 -9999.000 -9999.000 -9999.000 -9999.000 -9999.000 -9999.000 -9999.000 -9999.000 -9999.000 -9999.000 -9999.000 -9999.000 -9999.000 -9999.000 -9999.000 -9999.000 -9999.000 50.440 60.255 62.819 73.301 80.538 90.000 112.380 192.995 162.646 135.000 137.246 173.254 174.327 149.373 157.513 183.814 191.642 193.092 206.030 216.545 205.115 197.904 188.130 175.030 123.232 81.027 54.090 47.045 55.125 70.821 63.435 62.103 68.199 28.610 59.534 111.218
316.507 343.301 3.366 27.350 -9999.000 -9999.000 -9999.000 -9999.000 -9999.000 -9999.000 -9999.000 -9999.000 -9999.000 -9999.000 -9999.000 -9999.000 -9999.000 -9999.000 -9999.000 -9999.000 -9999.000 -9999.000 -9999.000 -9999.000 -9999.000 26.565 68.629 66.801 74.476 74.055 59.036 55.685 50.315 52.125 124.992 109.799 79.077 88.919 123.111 129.030 151.813 181.701 193.908 198.954 211.159 216.870 202.932 206.878 223.315 251.565 7.125 25.346 26.565 31.675 42.274 50.080 30.174 13.299 18.435 54.782 123.573 137.503
302.471 330.945 -9999.000 -9999.000 -9999.000 -9999.000 -9999.000 -9999.000 -9999.000 -9999.000 -9999.000 -9999.000 -9999.000 -9999.000 -9999.000 -9999.000 -9999.000 -9999.000 -9999.000 -9999.000 -9999.000 -9999.000 -9999.000 -9999.000 -9999.000 184.399 121.759 115.710 101.976 87.397 74.982 59.381 40.135 45.000 66.501 80.538 42.797 34.778 50.013 64.722 72.031 126.027 191.944 201.737 212.179 213.618 210.515 240.422 278.807 317.291 338.199 32.005 67.834 70.346 59.534 52.306 23.839 355.764 63.034 118.095 129.691 139.797
214.380 171.027 159.444 -9999.000 -9999.000 -9999.000 -9999.000 -9999.000 -9999.000 -9999.000 -9999.000 -9999.000 -9999.000 -9999.000 -9999.000 -9999.000 -9999.000 -9999.000 -9999.000 -9999.000 -9999.000 -9999.000 -9999.000 -9999.000 0.000 150.255 137.291 137.291 130.236 117.646 122.905 114.146 90.000 74.932 66.571 26.565 339.146 16.390 45.000 53.318 49.351 54.310 104.036 185.013 205.346 207.216 217.470 240.719 242.152 228.814 240.255 114.444 125.838 141.582 135.000 91.975 59.036 137.862 126.685 130.895 124.618 125.068
172.694 174.560 168.389 154.654 -9999.000 -9999.000 -9999.000 -9999.000 -9999.000 -9999.000 -9999.000 -9999.000 -9999.000 -9999.000 -9999.000 -9999.000 -9999.000 -9999.000 -9999.000 -9999.000 -9999.000 -9999.000 -9999.000 -9999.000 9.941 37.747 83.418 132.709 139.236 123.024 121.607 118.301 130.914 126.634 106.927 101.310 260.218 323.130 49.485 53.820 52.842 61.029 76.329 123.440 193.079 201.132 221.615 235.739 227.322 222.026 232.696 102.995 94.970 120.964 151.189 150.680 163.072 153.705 134.497 135.000 122.973 115.172
174.898 189.462 187.815 183.367 -9999.000 -9999.000 -9999.000 -9999.000 -9999.000 -9999.000 -9999.000 -9999.000 -9999.000 -9999.000 -9999.000 -9999.000 -9999.000 -9999.000 -9999.000 -9999.000 -9999.000 -9999.000 -9999.000 -9999.000 8.286 41.348 56.441 61.557 88.264 85.914 358.152 21.297 49.399 60.709 73.301 98.746 204.145 214.380 137.490 98.865 94.505 88.415 83.823 71.565 85.101 176.055 221.987 230.543 220.479 217.219 226.652 198.435 90.000 114.567 143.297 152.312 163.773 157.960 139.219 139.044 125.489 112.709
214.019 259.592 297.350 316.975 -9999.000 -9999.000 -9999.000 -9999.000 -9999.000 -9999.000 -9999.000 -9999.000 -9999.000 -9999.000 -9999.000 -9999.000 -9999.000 -9999.000 -9999.000 -9999.000 -9999.000 -9999.000 -9999.000 -9999.000 21.371 57.225 46.169 31.691 32.229 19.916 333.997 0.498 28.095 22.557 27.181 33.366 29.745 191.310 153.435 120.192 107.190 80.838 54.162 25.263 29.949 58.707 192.995 222.469 214.806 214.824 219.455 201.501 158.199 143.354 143.746 146.918 158.039 154.932 141.489 144.825 135.707 120.160
271.948 302.829 315.000 315.000 315.000 -9999.000 -9999.000 -9999.000 -9999.000 -9999.000 -9999.000 -9999.000 -9999.000 -9999.000 -9999.000 -9999.000 -9999.000 -9999.000 -9999.000 -9999.000 -9999.000 -9999.000 -9999.000 -9999.000 71.565 57.995 42.955 32.705 27.121 12.933 341.267 356.099 29.876 25.346 34.271 37.875 34.479 35.910 50.572 58.650 41.460 28.940 26.867 18.997 27.628 49.691 63.246 213.158 211.052 215.372 216.870 200.872 166.974 151.798 148.588 146.828 155.358 151.160 144.079 149.574 145.257 124.875
275.974 268.919 260.538 252.897 259.992 262.093 -9999.000 207.350 201.801 218.660 -9999.000 -9999.000 -9999.000 -9999.000 -9999.000 -9999.000 -9999.000 -9999.000 -9999.000 -9999.000 -9999.000 -9999.000 303.690 153.435 164.745 110.556 99.162 72.646 34.287 23.405 1.169 41.186 81.027 79.160 87.455 92.021 83.884 62.969 32.905 34.019 36.142 29.268 43.807 38.254 30.851 50.332 53.366 57.938 176.100 211.130 216.273 203.297 166.298 152.084 154.017 153.094 160.248 154.458 144.796 148.870 157.068 135.000
243.583 230.356 231.340 218.418 231.710 234.660 210.069 196.477 208.496 218.019 225.000 244.440 -9999.000 -9999.000 -9999.000 -9999.000 -9999.000 -9999.000 -9999.000 -9999.000 65.323 86.186 149.036 165.964 190.492 148.240 124.380 148.627 164.932 152.700 161.075 160.145 153.435 147.031 127.694 122.574 120.964 93.576 34.695 59.470 71.075 56.634 60.333 50.042 29.320 59.725 58.151 57.529 78.048 191.793 211.544 202.098 165.722 151.220 157.557 155.519 160.481 160.320 147.426 140.440 288.435 316.975
217.908 220.395 209.624 204.102 220.515 238.449 245.556 214.695 228.576 225.000 233.130 246.801 212.471 125.538 -9999.000 296.565 143.746 137.203 127.875 126.870 132.397 147.012 162.824 178.668 201.501 167.735 113.749 131.269 157.380 155.659 163.686 171.119 152.526 87.510 76.159 41.009 21.644 33.179 20.556 48.945 50.492 34.592 49.764 44.091 54.638 83.186 71.227 63.249 61.635 63.925 177.274 194.632 165.280 145.861 154.312 154.323 151.821 165.069 168.690 322.595 320.194 326.834
220.601 214.380 203.082 211.283 227.793 248.318 254.539 225.000 249.775 237.995 237.012 212.242 184.086 189.462 183.691 174.369 161.162 163.413 156.801 154.983 156.801 164.560 175.827 180.713 185.281 186.221 174.596 160.514 109.537 103.496 137.726 274.086 324.246 16.526 25.523 11.310 17.784 37.776 35.538 37.648 43.493 51.483 60.945 52.595 73.610 89.334 89.182 76.682 68.065 63.997 86.634 160.068 160.489 135.716 128.660 135.000 26.565 349.992 327.804 318.991 309.806 318.216
224.669 208.505 211.774 228.633 240.051 250.641 239.381 225.000 257.471 267.510 231.843 173.660 179.474 192.848 181.023 171.180 161.840 163.787 155.225 154.573 159.683 164.197 174.207 180.161 183.478 189.122 190.954 192.304 183.180 172.185 221.820 282.804 263.418 161.565 60.068 29.578 35.311 48.366 37.405 40.030 64.440 80.362 79.778 79.992 78.024 84.705 102.265 110.480 101.088 97.595 97.125 110.854 136.848 116.565 92.490 0.000 325.784 334.747 340.641 327.308 292.891 298.909
210.107 205.320 229.764 239.544 234.238 236.482 228.878 229.899 243.435 282.529 4.399 102.529 148.707 184.214 181.494 166.185 156.615 158.839 149.412 148.694 155.225 154.699 166.745 176.963 181.710 189.808 193.995 190.814 188.710 203.356 221.605 217.333 209.539 184.899 174.289 169.287 135.000 87.614 65.726 80.538 102.529 115.017 105.101 110.323 91.736 90.713 105.884 128.056 129.928 130.175 121.759 129.644 153.435 90.000 345.141 336.280 342.933 352.235 9.941 9.462 280.305 282.095
88.025 205.408 237.564 233.021 221.973 233.130 238.643 237.201 236.310 252.150 135.000 95.631 109.398 148.134 173.157 161.350 152.507 155.594 148.154 146.113 151.912 151.446 162.980 171.870 179.599 187.674 191.617 188.503 195.816 217.786 218.541 207.719 209.148 198.435 198.435 183.576 155.323 140.572 137.010 128.589 136.848 158.106 149.184 155.480 155.630 113.481 104.184 107.122 117.229 129.579 128.157 141.520 232.125 311.248 328.147 330.322 338.422 4.560 44.066 54.689 278.545 272.848
