test/input/morph/aspect.asc
ncols                480
nrows                580
xllcorner      3451124.0
yllcorner      5321772.5
cellsize             100
NODATA_value       -9999
[rows 140 to 167 of 580, columns 186 to 247 of 480]
80.059 149.931 234.051 223.477 223.929 240.315 241.179 226.790 222.274 226.005 176.424 130.314 120.018 126.573 151.209 149.444 146.822 152.720 149.952 151.160 152.626 152.886 163.352 171.046 180.000 188.289 190.561 189.430 202.775 221.820 216.693 210.897 212.546 207.447 197.242 171.870 162.408 156.644 159.390 156.382 160.051 170.161 165.913 168.608 166.885 142.344 130.462 117.423 111.312 116.565 114.717 108.435 307.185 308.621 320.080 323.643 332.083 31.130 68.813 69.775 273.160 264.229
101.592 47.291 225.000 219.184 234.033 241.763 232.224 221.658 220.101 204.829 173.254 149.886 136.736 134.530 145.460 142.936 142.765 153.523 154.009 155.410 155.028 149.270 155.898 161.565 172.875 187.750 191.626 190.008 205.560 221.648 214.977 213.071 217.476 209.957 187.883 168.201 162.061 158.051 162.520 163.361 165.238 173.220 166.403 165.964 165.713 154.747 154.671 144.033 130.992 129.036 100.492 321.843 302.417 300.656 309.144 316.076 332.949 46.736 69.237 70.313 265.236 256.544
16.477 21.318 64.799 188.746 235.211 235.347 223.765 220.372 214.287 184.635 171.451 159.444 147.787 142.417 147.969 142.314 137.974 151.432 156.324 152.447 147.609 86.009 4.708 0.774 12.319 13.055 14.036 146.310 207.854 220.189 213.842 215.931 223.954 207.967 179.125 165.141 157.564 154.522 159.734 161.120 164.124 170.218 161.065 161.900 164.439 158.962 160.534 150.479 137.663 154.179 315.000 324.560 310.319 297.604 299.951 305.348 322.431 63.004 71.852 66.306 1.123 255.796
4.236 24.444 55.214 72.440 229.653 229.044 219.596 216.802 207.284 183.247 176.760 167.005 153.529 147.039 153.691 148.782 136.256 143.661 161.980 2.490 350.181 347.106 348.896 349.311 4.797 12.771 14.563 21.005 24.829 222.207 213.076 218.717 223.525 201.441 173.611 163.386 151.668 147.894 157.801 161.429 165.964 168.024 160.033 160.489 163.909 160.253 162.860 153.435 119.476 316.736 312.510 322.038 317.099 301.373 297.081 287.140 258.690 86.186 72.911 54.590 37.977 262.451
8.800 20.273 40.389 45.000 34.919 229.970 224.661 214.802 199.239 183.367 179.330 172.833 159.659 150.762 157.975 156.429 139.502 38.991 334.134 341.761 344.539 338.395 343.134 342.429 358.264 11.689 14.689 21.013 32.229 49.921 165.465 220.652 222.455 200.659 173.234 166.931 154.477 148.240 158.339 162.188 164.899 168.382 160.017 155.186 160.201 147.529 343.811 343.768 351.491 336.541 315.000 317.617 316.175 307.353 311.455 299.624 279.162 78.425 62.227 39.664 41.342 41.547
10.681 19.195 38.408 44.189 45.387 52.907 226.790 202.751 183.981 181.397 178.824 174.655 163.514 151.962 157.027 168.930 313.781 329.534 334.179 343.113 345.038 337.921 340.837 343.116 356.424 9.611 17.130 25.877 40.156 57.458 69.004 217.875 222.967 201.003 172.067 167.005 159.015 150.792 155.653 155.630 154.058 166.827 167.735 14.036 336.161 330.945 341.021 347.607 350.410 342.080 315.966 315.886 316.946 312.990 338.097 341.565 334.359 41.987 43.152 33.690 44.100 41.805
12.709 26.464 44.193 51.592 48.366 55.766 124.992 183.180 169.809 178.172 176.460 172.543 163.811 148.069 356.186 325.840 318.447 324.894 330.668 338.899 343.301 337.787 338.848 344.485 359.813 14.133 26.012 34.343 48.209 65.310 69.013 76.759 217.539 197.819 164.505 158.749 156.727 151.209 152.969 137.862 111.801 329.036 323.915 339.394 342.553 329.522 336.014 351.870 354.160 340.755 316.175 316.032 321.093 322.815 354.473 352.875 339.624 33.366 44.061 40.972 53.267 55.833
8.715 23.883 37.591 45.855 42.532 54.379 62.939 86.878 129.806 183.367 59.036 5.906 348.111 340.852 341.906 332.526 321.402 327.883 330.255 335.225 342.026 336.153 334.367 341.565 19.359 49.708 61.750 65.136 73.610 81.476 81.413 82.694 158.806 186.226 154.406 144.058 138.576 131.186 153.435 146.310 317.291 326.889 326.232 335.898 344.238 333.877 332.784 346.809 351.027 337.306 319.198 315.000 321.776 340.942 14.534 12.529 353.660 82.875 83.928 69.567 78.690 92.203
334.747 12.171 44.265 57.317 57.995 64.440 65.655 52.352 358.332 343.272 351.870 353.460 350.538 343.837 346.805 344.768 337.068 341.305 340.272 337.214 340.925 338.070 336.801 135.000 128.290 125.858 121.079 123.541 117.808 104.209 99.988 100.697 121.185 169.695 151.699 141.340 111.801 63.435 341.565 335.556 325.649 328.646 328.694 333.628 345.719 346.176 346.195 340.866 342.880 336.857 323.130 309.160 290.095 11.310 56.310 81.870 135.000 137.386 123.690 101.310 74.650 82.316
300.069 334.983 88.340 93.115 93.930 89.803 88.612 49.611 328.846 335.145 344.291 347.189 348.912 342.080 344.168 345.356 339.267 344.082 348.690 340.887 323.746 168.341 168.275 158.824 140.469 134.479 128.234 135.000 137.793 124.040 119.164 117.165 117.962 160.201 164.745 153.435 348.690 326.310 333.246 334.378 327.355 330.144 332.083 337.286 350.910 350.936 349.658 344.310 341.709 342.681 343.474 288.435 236.310 219.289 96.340 96.843 118.301 127.405 137.121 191.310 51.072 70.054
293.629 338.962 93.681 99.605 105.136 100.993 94.164 326.143 310.649 321.870 326.997 330.492 341.434 338.199 332.459 325.582 309.382 277.125 154.440 154.094 139.899 153.825 173.774 168.024 116.565 115.219 116.917 122.799 128.660 121.024 120.600 117.992 116.147 236.310 315.000 335.726 342.235 339.605 342.375 341.648 335.576 340.363 343.626 347.257 357.190 354.880 353.774 350.293 337.109 353.157 56.976 45.000 278.746 248.962 144.462 99.782 97.125 96.953 103.393 251.565 108.435 80.685
310.236 156.801 101.960 96.829 95.057 90.431 76.390 307.550 302.504 316.779 321.766 323.722 338.256 347.775 337.714 297.181 248.629 157.834 152.242 147.680 117.597 118.610 200.772 215.538 112.543 113.265 110.468 109.641 110.225 101.405 96.687 94.970 86.424 308.290 303.425 318.013 329.144 333.328 342.872 344.087 338.041 342.440 349.972 356.379 9.574 18.435 32.619 48.180 198.435 158.199 67.249 20.376 345.964 135.000 155.855 144.782 132.397 81.254 30.964 349.992 97.125 79.261
61.390 120.579 102.355 95.563 92.442 85.378 49.170 308.100 301.676 311.405 321.267 323.601 342.031 27.181 23.962 282.995 171.027 149.470 147.265 146.611 143.616 151.699 181.790 177.905 143.989 134.438 120.896 109.767 105.303 98.130 90.909 79.216 54.866 305.134 288.435 297.420 305.882 312.138 333.670 339.254 329.449 332.324 13.707 79.019 112.932 104.657 102.848 102.529 12.995 0.000 27.646 52.125 108.435 135.000 149.421 160.017 174.094 198.435 30.964 35.538 61.504 51.459
85.365 74.745 84.369 90.000 96.927 86.952 7.125 308.056 299.491 301.809 318.231 340.201 42.138 86.424 98.973 161.565 145.620 146.310 141.654 133.247 141.546 155.308 170.920 169.019 151.523 145.389 127.703 112.380 103.570 97.679 96.927 84.806 67.620 285.945 276.843 283.329 289.872 293.657 317.347 327.155 299.055 296.030 83.660 91.668 87.510 79.077 74.055 20.225 356.634 29.055 102.529 120.465 130.101 131.633 132.397 142.125 251.565 257.005 270.000 36.870 39.560 35.272
111.371 69.624 85.641 90.835 95.837 82.235 322.539 300.450 292.207 298.048 328.324 55.620 102.804 115.821 121.607 138.180 120.530 122.125 115.427 104.146 102.031 106.220 129.094 143.643 143.584 151.777 137.105 122.234 114.503 104.036 101.070 88.668 66.801 301.759 272.472 274.154 277.242 277.883 284.036 279.462 265.601 243.435 109.323 102.724 90.000 70.115 50.856 18.435 45.000 106.390 119.932 122.125 121.430 109.799 53.130 353.660 339.775 325.305 326.310 3.814 14.744 39.806
135.000 140.389 109.479 99.930 95.440 37.875 303.232 292.209 288.873 296.966 3.918 53.820 47.291 61.144 86.634 100.008 92.726 90.000 89.091 88.580 74.846 53.130 59.273 82.304 110.225 143.531 146.581 134.569 133.531 120.192 96.340 66.371 72.553 281.310 267.054 264.920 264.365 266.139 267.647 284.036 268.452 212.471 111.037 104.216 113.199 73.811 54.090 52.765 83.047 111.501 118.301 110.225 92.490 30.964 348.690 350.538 358.264 350.218 337.249 358.363 8.616 33.232
122.989 131.386 115.919 102.736 94.236 321.789 310.365 292.521 287.295 287.592 26.565 41.820 48.633 66.975 70.821 76.608 98.130 112.891 111.037 86.711 27.181 26.188 51.733 69.590 86.657 115.286 143.664 133.452 129.123 95.826 64.537 78.179 99.246 183.814 260.538 255.101 251.471 253.286 240.668 219.289 215.538 170.538 126.416 108.435 113.199 97.431 103.570 107.242 97.125 92.862 67.834 36.573 21.801 356.009 343.740 356.348 5.440 354.289 338.962 1.637 36.469 77.905
115.145 118.583 114.794 104.697 86.711 309.806 324.800 302.760 290.336 292.126 330.945 101.310 112.036 105.124 82.235 30.964 63.060 85.101 94.086 23.839 350.538 47.121 82.988 90.790 94.712 106.189 128.830 101.725 5.631 20.556 48.633 78.389 100.492 189.462 255.288 245.621 242.761 242.960 223.611 200.973 202.249 175.314 135.000 123.690 150.945 111.037 108.435 102.995 80.538 42.879 18.435 13.173 12.529 356.878 346.828 1.397 15.524 4.399 330.255 90.000 115.201 125.272
123.395 125.293 126.227 113.629 339.567 312.236 324.578 311.955 295.962 296.075 131.633 119.521 119.055 93.366 23.552 0.000 51.054 67.218 43.531 347.005 142.125 119.707 124.926 121.881 111.830 105.474 23.459 347.005 351.254 29.787 56.746 75.606 91.637 218.660 245.045 234.987 237.724 242.020 236.535 226.952 219.710 194.535 151.699 148.393 169.695 126.870 112.620 98.130 73.301 32.005 37.875 26.565 11.310 5.194 356.186 18.435 73.610 110.556 171.027 140.711 111.251 97.765
121.059 124.066 130.203 140.711 304.963 309.495 314.608 307.694 288.759 229.399 126.674 110.943 102.265 338.199 342.181 22.620 86.496 91.701 66.251 120.964 139.554 131.359 132.161 127.814 110.757 19.841 341.854 342.897 2.931 39.750 55.802 64.781 74.275 198.435 234.211 246.077 254.814 258.634 262.942 271.375 263.290 207.474 164.055 154.440 165.964 144.462 127.405 120.069 131.424 165.964 128.660 104.036 149.036 150.945 155.556 149.931 141.340 145.125 165.964 158.962 119.476 98.130
73.918 84.806 77.082 315.000 305.426 306.694 298.611 279.345 251.565 169.824 128.211 108.435 85.236 298.740 288.435 111.644 112.286 119.055 149.535 122.047 128.558 128.978 129.855 121.283 18.869 335.783 333.130 339.775 15.843 47.827 56.473 60.446 66.529 52.125 244.983 263.660 266.129 266.549 267.938 267.780 248.199 209.055 155.556 140.194 143.746 153.435 135.000 108.435 116.565 167.471 180.000 149.036 143.130 140.194 151.389 144.782 144.462 157.932 167.905 165.069 154.094 130.236
79.394 79.039 37.875 309.994 304.535 309.806 292.479 257.347 225.000 160.906 148.324 121.866 129.806 190.713 164.358 145.766 146.430 164.087 171.168 147.426 140.818 137.045 106.280 354.359 341.323 336.250 324.830 334.892 30.600 56.997 59.441 54.260 54.968 47.070 34.992 258.275 257.005 259.529 258.631 247.782 219.473 191.310 171.870 150.945 142.595 161.565 154.983 124.380 108.435 139.086 174.094 172.304 178.264 153.435 145.885 138.691 135.000 168.690 167.735 150.945 150.945 114.444
119.264 105.945 340.866 302.638 304.324 320.492 324.462 246.251 195.524 150.945 166.701 153.435 157.380 158.369 151.227 142.703 147.144 166.720 167.695 153.301 148.039 177.397 333.983 333.819 342.924 348.507 323.366 331.535 42.173 51.743 42.510 33.490 40.113 39.616 35.159 298.496 252.597 253.775 250.731 239.589 224.029 192.529 189.782 158.629 154.654 163.611 153.435 145.008 124.216 129.560 149.036 165.651 191.822 165.964 137.490 128.418 130.601 173.157 170.538 144.462 63.435 345.964
116.966 88.152 311.021 309.867 322.792 345.466 31.608 90.000 148.496 142.125 170.096 152.850 150.068 145.620 133.466 109.231 97.454 120.838 142.125 135.785 343.887 325.744 326.681 332.480 347.347 3.576 321.633 305.538 50.440 44.444 33.805 34.032 45.949 47.793 51.340 59.797 248.199 251.867 246.284 233.088 225.971 209.407 194.421 168.690 171.384 161.565 164.539 168.690 149.827 149.421 148.671 159.567 189.782 177.274 164.428 156.801 147.529 167.905 192.265 260.538 330.945 319.399
102.265 348.887 315.000 312.378 344.578 45.000 93.576 113.963 110.095 114.775 146.976 135.000 130.986 116.565 75.964 42.589 63.908 79.544 86.496 321.911 325.081 328.770 329.100 354.746 33.158 51.843 347.005 352.875 354.806 45.000 45.000 55.376 68.490 71.890 75.641 79.946 255.579 255.964 246.251 235.908 242.879 245.556 180.000 158.499 170.754 154.855 164.932 173.418 153.886 152.526 148.707 156.541 179.061 174.369 172.569 191.822 239.036 5.194 331.504 327.201 340.866 331.557
338.839 332.266 324.090 329.589 43.091 94.764 125.754 160.115 133.152 99.462 103.496 115.115 116.565 42.955 11.004 38.853 80.505 86.160 61.113 296.175 306.272 325.176 319.939 49.399 66.644 25.710 346.293 352.614 358.025 25.346 43.995 73.523 85.914 88.488 87.170 88.025 237.529 258.326 256.014 261.384 273.318 289.885 58.241 111.501 153.435 147.529 157.380 154.290 143.130 149.744 147.995 152.928 180.000 187.125 135.000 283.671 308.290 345.466 337.443 335.695 343.393 339.567
340.547 334.949 332.387 1.169 41.532 73.811 103.878 159.305 165.964 126.573 102.031 96.147 25.017 336.501 34.380 94.399 88.224 72.838 36.973 277.608 274.899 282.848 206.565 126.254 55.437 356.186 340.959 349.875 4.044 56.739 83.395 92.526 89.544 89.835 90.669 90.919 235.305 265.679 269.393 276.340 279.744 294.326 75.651 98.973 132.797 152.650 167.905 145.305 125.272 137.793 152.103 167.471 280.713 326.310 356.035 343.968 324.273 332.928 328.627 329.534 337.380 326.310
346.363 344.899 340.821 33.690 86.112 101.136 104.967 137.291 169.992 153.435 80.218 26.565 1.432 355.365 102.265 103.241 68.860 44.683 39.898 286.927 264.508 231.009 180.000 158.962 321.340 325.081 332.928 0.000 124.115 105.819 104.744 93.122 83.982 81.060 83.387 88.831 243.435 267.625 268.502 269.140 265.914 238.449 125.754 116.896 137.793 164.358 182.726 162.897 116.966 130.333 188.130 316.432 317.573 325.257 354.207 9.382 355.601 334.799 325.008 288.435 163.611 172.875
