test/input/morph/aspect.asc
ncols                480
nrows                580
xllcorner      3451124.0
yllcorner      5321772.5
cellsize             100
NODATA_value       -9999
[rows 476 to 503 of 580, columns 186 to 247 of 480]
169.624 172.273 172.255 171.870 30.651 346.350 329.036 317.437 311.934 342.474 240.945 193.299 173.797 168.871 163.301 160.484 169.066 162.160 153.281 146.822 136.005 151.699 156.371 145.305 133.210 120.964 123.311 116.565 333.435 341.565 357.274 338.962 321.710 325.008 0.000 36.870 38.991 48.270 34.216 275.194 272.726 308.019 337.109 351.870 347.229 310.986 302.905 300.964 148.240 126.674 120.324 55.125 347.082 15.422 35.272 7.927 8.130 24.444 45.000 261.870 252.758 250.769
45.000 334.604 339.717 348.690 359.479 339.069 325.578 326.310 316.736 129.560 151.699 165.069 160.201 163.163 163.960 156.890 166.405 167.845 157.751 153.004 136.909 137.726 150.642 152.526 149.036 125.218 45.000 334.094 330.255 352.694 22.751 348.690 320.440 336.801 20.225 6.340 357.879 23.199 30.069 6.009 297.979 300.793 323.130 0.881 356.186 320.572 285.945 181.469 143.471 105.141 31.608 334.584 344.908 36.941 29.249 348.092 11.837 26.390 32.845 35.134 255.964 252.121
351.051 341.834 342.937 358.556 353.367 319.497 307.304 315.000 143.366 148.496 142.595 147.804 144.926 150.446 157.751 142.125 146.689 166.607 145.305 114.444 95.711 100.305 113.552 129.806 154.654 14.036 334.983 328.570 327.804 0.000 31.759 357.510 318.180 329.744 12.724 5.528 344.055 12.095 25.560 3.013 320.377 308.811 315.000 337.620 339.905 337.620 349.562 357.672 10.305 14.808 356.522 329.550 351.254 54.612 4.399 333.792 12.693 22.116 29.973 44.433 32.471 260.134
351.076 350.487 17.700 65.095 307.304 301.866 294.775 130.764 126.158 135.000 133.210 140.042 137.684 137.490 143.881 138.691 159.228 182.291 195.945 120.964 99.462 114.146 102.381 70.346 344.745 332.526 320.711 309.289 236.310 243.435 0.000 355.236 330.255 325.305 8.746 3.814 355.914 9.462 356.424 336.038 310.426 315.000 29.745 295.201 317.726 337.011 325.582 341.966 5.400 14.323 1.757 337.671 17.241 47.386 344.982 326.384 15.642 24.538 28.686 38.019 32.873 2.386
357.647 37.875 85.601 72.216 299.358 285.945 148.496 140.389 140.711 141.766 130.914 135.000 133.493 121.607 104.036 102.095 130.914 175.236 197.354 175.101 142.352 135.000 93.814 9.782 348.178 345.964 345.069 20.556 11.310 293.199 319.086 335.225 334.179 337.380 18.435 5.194 355.601 354.806 334.094 317.490 299.931 310.236 6.009 318.180 317.490 336.477 306.973 297.429 12.804 31.201 5.947 7.374 23.199 2.406 337.212 330.341 21.975 29.291 23.725 39.721 41.328 37.235
85.101 120.005 120.174 138.576 260.362 190.620 138.434 137.603 144.324 148.349 130.914 125.538 129.806 135.000 85.601 73.811 90.000 135.000 178.452 178.668 160.017 0.000 349.287 344.539 349.115 0.000 358.531 15.018 12.995 333.435 328.496 331.927 338.629 21.801 90.000 135.000 303.690 324.866 323.130 325.620 333.853 320.356 333.435 320.527 312.064 333.435 320.807 300.379 336.801 6.710 8.130 21.801 0.591 339.734 332.554 340.589 30.964 32.905 29.962 55.923 47.291 49.135
132.546 131.511 133.603 225.000 234.866 164.249 127.725 116.917 114.444 119.578 112.249 112.751 115.560 143.746 172.875 113.629 114.228 127.875 152.354 194.744 267.709 310.426 340.463 331.699 341.565 14.036 349.695 1.736 19.290 342.474 330.945 347.905 45.000 120.069 149.036 278.130 312.455 331.389 331.631 336.801 355.030 322.524 332.475 319.927 302.074 311.099 321.203 323.130 321.483 339.362 3.674 7.394 349.308 343.465 343.443 353.660 81.529 53.616 46.219 54.673 39.019 56.119
140.128 125.961 333.435 340.017 348.690 103.393 96.340 85.914 78.690 73.443 79.695 80.218 83.157 96.340 151.699 122.905 115.974 104.036 7.125 341.565 299.055 255.465 233.746 239.036 198.435 198.435 261.870 291.038 4.764 349.380 326.889 45.000 103.570 118.610 300.964 308.454 320.102 339.305 349.695 27.255 320.527 314.293 344.954 336.801 299.249 291.644 310.314 336.477 332.716 331.899 352.003 4.874 357.166 21.801 120.579 159.341 156.801 146.310 48.013 37.528 38.290 63.550
157.249 26.565 333.435 354.806 85.601 106.189 110.095 107.784 110.556 113.963 103.393 94.399 80.538 71.565 84.289 102.381 102.995 334.983 334.654 348.232 356.820 333.435 246.801 230.194 225.000 258.690 291.801 297.474 326.889 0.000 349.992 83.157 94.635 356.634 326.094 309.536 313.042 349.756 26.565 51.953 297.553 281.915 323.531 353.853 332.354 309.668 311.748 333.178 331.783 321.766 337.380 42.879 102.265 127.405 132.397 160.115 172.304 173.660 204.677 322.125 58.349 75.403
280.008 345.964 4.399 90.000 120.964 124.287 132.337 128.211 118.811 110.556 104.744 106.390 81.027 82.569 95.906 96.340 74.745 304.509 320.194 354.473 31.759 30.964 330.945 288.435 270.000 291.038 312.397 315.000 321.009 3.013 40.236 86.820 67.380 316.469 312.101 301.817 301.715 22.166 45.000 51.483 318.013 265.192 280.784 332.879 342.108 328.627 317.936 324.462 299.476 237.804 200.556 130.914 124.019 125.395 123.440 164.358 160.463 157.479 217.694 229.289 105.642 80.923
293.962 333.435 98.130 121.607 126.384 125.363 138.434 145.008 129.289 100.492 88.363 65.556 69.444 84.094 93.366 83.660 0.000 293.839 296.565 60.945 90.000 71.565 329.036 325.305 336.801 309.806 306.254 308.991 315.000 15.255 69.775 59.621 353.660 317.419 310.830 303.690 310.236 92.490 80.538 39.094 1.042 299.358 296.390 316.232 333.435 338.009 341.565 335.556 108.435 161.565 184.497 152.403 132.546 124.919 113.963 138.180 147.529 151.504 208.611 202.068 164.512 111.801
288.435 108.435 119.745 126.119 127.057 120.005 130.486 151.928 157.249 145.305 113.199 35.538 53.130 77.471 86.987 77.735 333.435 280.008 242.103 140.194 71.565 21.038 326.310 319.086 335.556 310.030 300.964 304.992 322.125 115.017 71.565 346.828 342.440 315.603 315.955 328.496 39.289 92.490 332.103 344.539 343.887 320.981 308.177 308.811 312.917 336.448 42.274 45.000 110.695 125.538 172.093 155.450 146.535 136.975 122.735 118.610 115.907 142.907 173.333 173.558 171.769 153.130
291.801 129.560 130.365 133.727 131.424 117.350 109.654 102.529 120.069 143.746 150.945 225.000 86.186 91.332 98.130 99.462 296.565 264.289 243.435 326.310 341.565 54.462 294.444 306.254 341.565 325.885 323.130 328.496 6.843 30.379 331.991 323.973 338.070 307.333 307.164 13.570 69.102 1.975 329.621 332.613 328.172 325.349 320.648 307.235 272.726 278.973 74.745 113.629 121.239 114.567 137.121 133.363 151.504 154.983 135.000 135.000 114.905 131.248 155.659 153.217 162.672 160.378
131.633 133.409 131.348 133.831 135.000 128.089 135.000 108.435 97.431 108.435 151.699 167.276 160.017 135.000 119.932 288.435 324.462 282.995 297.474 327.265 353.660 28.072 332.928 321.072 349.115 338.962 331.460 351.573 1.123 356.729 338.962 323.915 322.595 293.199 286.587 78.690 46.548 339.274 331.164 329.036 313.866 320.315 340.201 305.538 257.471 277.306 73.301 93.576 104.657 106.189 119.745 105.255 113.749 148.240 145.008 137.490 118.034 121.350 140.492 130.601 126.870 106.699
145.840 145.685 140.389 136.364 131.186 128.660 158.199 154.799 147.529 156.371 154.094 151.858 160.115 155.855 45.000 331.389 357.274 329.036 298.496 308.991 345.964 349.592 335.556 329.323 347.471 335.556 332.879 356.348 355.101 355.426 342.277 336.485 343.960 324.978 325.923 15.101 354.611 342.368 341.565 332.796 313.794 323.471 34.216 358.025 315.000 307.147 92.121 98.973 99.605 101.310 122.196 119.476 98.130 98.973 116.565 91.975 94.865 99.039 88.363 35.538 6.911 11.023
148.536 146.768 142.125 141.340 128.660 114.228 143.366 162.216 159.677 166.218 164.745 145.784 126.870 310.914 329.621 349.509 354.806 336.801 292.166 286.927 308.991 312.955 315.000 316.909 334.094 313.995 323.043 346.799 357.483 6.814 345.579 327.284 343.915 347.735 351.573 354.806 341.565 343.106 347.428 339.128 335.298 2.490 17.526 352.235 310.914 164.982 136.613 135.764 140.102 121.607 117.474 121.759 120.069 71.565 14.036 47.490 62.354 44.226 9.660 358.394 0.516 5.659
139.185 145.008 145.784 130.236 123.690 112.166 125.538 158.199 155.556 163.072 225.000 347.005 5.711 302.471 291.801 0.000 333.435 334.983 310.030 315.000 310.764 309.958 320.711 315.000 326.310 309.289 308.868 331.746 0.725 11.032 355.170 318.366 322.001 350.789 348.440 345.964 335.709 340.641 344.275 337.479 6.843 36.573 19.983 85.601 136.637 144.310 138.814 136.878 146.310 114.775 90.000 82.569 51.340 356.186 23.199 59.931 47.936 26.847 8.297 356.711 2.070 4.708
120.530 135.000 162.758 160.560 146.976 125.340 116.030 111.801 23.199 351.027 322.125 337.249 21.038 320.194 280.008 315.000 332.526 343.811 316.909 321.582 313.363 313.636 326.310 325.008 337.433 332.549 309.336 311.673 355.030 5.194 9.537 343.073 322.595 340.641 339.305 338.385 338.009 348.388 348.690 315.000 66.038 53.973 41.634 57.804 77.969 91.548 96.546 81.027 35.538 56.310 60.945 45.000 12.265 14.036 78.690 93.366 59.036 34.992 30.379 6.340 4.764 16.928
82.304 75.466 109.654 146.310 148.240 123.311 60.255 11.310 345.069 342.474 334.799 336.801 34.380 348.690 329.036 326.689 331.858 346.504 332.969 334.983 315.988 324.673 334.592 329.117 339.661 354.644 328.570 306.069 333.435 355.855 20.726 0.000 325.784 315.000 324.324 333.712 345.964 39.806 83.660 164.055 145.784 154.654 101.310 74.358 85.855 89.326 83.157 65.854 59.036 81.870 71.565 38.660 12.995 45.000 65.556 49.764 7.125 22.380 41.424 26.565 45.000 95.194
84.806 112.068 116.565 107.103 50.194 20.772 353.047 12.995 343.811 328.496 354.094 354.806 6.340 339.905 335.726 334.747 334.440 337.109 330.350 341.188 322.980 322.306 332.316 330.255 338.199 15.642 359.370 311.634 306.384 345.069 29.055 6.953 342.553 294.829 295.906 317.490 93.013 117.758 132.879 147.529 161.003 183.945 180.000 155.924 119.932 105.642 98.531 90.000 77.471 74.745 63.435 54.462 11.310 50.711 60.524 26.565 11.310 45.000 45.000 35.538 40.914 41.186
120.677 130.711 131.186 5.194 3.013 3.013 350.538 33.232 11.310 273.366 180.000 315.000 323.746 315.000 323.973 333.435 344.198 330.945 321.605 336.477 332.468 315.813 310.486 316.450 334.440 55.713 49.236 285.255 264.289 290.225 45.000 39.289 90.000 239.744 214.611 184.764 162.277 157.426 161.147 150.038 166.264 187.943 186.009 168.024 136.023 128.774 141.789 156.801 162.758 135.000 135.000 140.711 175.601 155.556 102.529 98.130 101.310 71.565 53.130 59.036 51.340 49.764
128.797 101.310 337.249 342.474 14.931 13.392 0.000 64.440 54.462 281.310 210.964 251.565 270.000 289.058 314.105 335.480 346.799 343.863 331.136 332.418 341.175 328.449 297.121 256.608 204.444 105.524 102.381 188.130 229.899 216.119 158.749 158.499 167.276 188.130 185.194 179.493 169.695 164.846 164.745 148.829 162.897 188.902 186.340 170.910 154.747 151.504 160.240 176.987 180.674 180.830 183.991 164.055 173.660 182.291 149.036 157.620 185.194 135.000 116.565 104.036 81.870 90.000
135.000 317.291 334.799 354.289 57.995 45.000 26.565 66.801 57.995 11.310 333.435 325.305 299.476 287.622 299.055 318.395 333.435 343.189 340.697 330.619 339.702 337.834 310.030 182.291 184.844 164.055 131.424 156.251 213.024 204.274 166.701 168.690 175.601 164.197 166.430 171.119 170.676 168.311 157.989 135.000 145.954 178.781 175.855 161.966 150.255 152.103 162.681 178.112 180.579 198.435 203.875 178.727 180.000 198.435 156.801 161.565 205.346 159.775 156.251 160.560 165.379 162.216
308.290 297.897 333.435 96.340 93.814 45.000 35.538 73.301 77.471 18.435 302.471 319.764 306.254 283.449 270.895 273.724 291.501 322.829 352.349 334.799 319.086 180.000 163.072 142.907 160.560 176.186 173.047 171.607 192.848 195.709 166.760 169.902 177.769 167.005 168.408 167.619 171.690 180.000 176.820 150.376 151.189 163.443 153.435 143.881 109.799 84.560 32.471 53.973 126.870 221.730 206.966 185.356 188.973 193.782 170.707 173.660 199.885 164.745 154.983 158.305 166.400 172.823
352.405 253.611 198.435 114.444 105.255 135.000 120.964 117.646 113.199 315.000 318.814 318.576 297.181 279.345 264.806 260.134 259.796 244.502 183.013 275.194 321.340 69.444 108.435 120.964 133.854 169.439 192.171 187.696 186.340 203.552 165.465 135.000 156.251 151.260 152.650 144.462 131.820 162.553 182.045 162.121 162.699 174.806 155.924 171.870 36.254 25.641 19.885 59.036 77.005 196.389 194.349 180.971 183.814 184.497 175.601 178.668 193.092 168.453 153.853 154.537 162.646 174.382
45.000 74.745 225.000 135.000 129.806 164.055 141.340 68.962 353.157 331.858 345.141 340.866 322.765 304.261 296.274 270.401 252.337 240.124 270.000 324.462 344.745 53.746 59.534 67.036 67.714 26.565 320.711 337.620 347.471 319.399 348.111 23.199 23.199 17.650 8.746 3.691 19.486 26.565 24.864 70.560 115.821 168.690 163.611 192.724 188.842 158.356 160.084 145.954 90.000 102.995 167.905 165.964 165.465 177.510 176.906 175.061 186.605 168.917 145.823 138.814 108.435 353.157
69.444 68.199 251.565 142.125 114.444 116.565 198.435 323.746 328.241 331.699 342.824 338.199 334.290 321.254 317.322 304.271 297.451 302.905 319.611 0.000 21.801 41.186 34.216 30.964 25.852 8.427 2.021 6.116 353.367 327.265 327.529 59.036 30.069 3.180 358.831 25.907 88.603 114.444 101.310 76.608 61.699 16.189 0.000 36.027 128.885 145.885 198.435 310.365 32.829 52.275 19.537 14.744 33.024 42.510 93.814 131.424 230.194 338.199 26.966 2.603 353.551 351.747
84.472 84.472 35.538 36.870 24.444 5.194 349.380 322.595 312.138 326.592 332.354 330.709 335.746 323.746 330.524 314.098 312.101 327.953 338.552 33.111 56.310 24.444 351.469 8.130 17.949 12.381 24.326 33.408 37.405 143.746 178.363 166.760 164.476 183.652 185.599 146.889 125.727 141.170 168.024 110.225 32.196 2.490 13.671 43.091 22.380 10.784 347.876 331.927 42.917 48.879 2.726 0.785 13.878 22.891 15.690 6.340 347.152 344.055 5.117 358.647 353.073 349.186
