test/input/morph/dem.asc
ncols                480
nrows                580
xllcorner      3451124.0
yllcorner      5321772.5
cellsize             100
NODATA_value       -9999
[rows 405 to 431 of 580, columns 310 to 371 of 480]
726.000 712.000 701.000 692.000 693.000 691.000 690.000 693.000 691.000 687.000 686.000 686.000 687.000 688.000 690.000 710.000 707.000 698.000 689.000 687.000 691.000 688.000 683.000 681.000 682.000 687.000 686.000 698.000 695.000 694.000 679.000 674.000 676.000 685.000 689.000 699.000 703.000 708.000 719.000 723.000 715.000 744.000 757.000 756.000 754.000 740.000 740.000 732.000 709.000 711.000 711.000 722.000 732.000 759.000 778.000 789.000 811.000 826.000 833.000 856.000 871.000 891.000
735.000 710.000 700.000 698.000 698.000 697.000 694.000 691.000 690.000 693.000 691.000 690.000 694.000 695.000 697.000 698.000 695.000 692.000 698.000 693.000 689.000 688.000 686.000 686.000 689.000 690.000 689.000 704.000 699.000 701.000 691.000 683.000 674.000 680.000 685.000 690.000 698.000 701.000 708.000 712.000 710.000 715.000 721.000 723.000 722.000 722.000 708.000 703.000 712.000 733.000 723.000 738.000 748.000 774.000 791.000 797.000 828.000 840.000 854.000 892.000 918.000 933.000
729.000 712.000 705.000 701.000 701.000 699.000 699.000 696.000 695.000 696.000 699.000 699.000 701.000 702.000 702.000 701.000 697.000 703.000 703.000 695.000 695.000 693.000 692.000 688.000 691.000 692.000 693.000 699.000 702.000 703.000 700.000 696.000 692.000 685.000 687.000 693.000 696.000 696.000 695.000 694.000 694.000 694.000 694.000 693.000 694.000 696.000 698.000 709.000 737.000 750.000 738.000 740.000 756.000 784.000 796.000 806.000 837.000 850.000 874.000 928.000 938.000 946.000
733.000 721.000 712.000 711.000 712.000 708.000 710.000 706.000 708.000 714.000 713.000 720.000 732.000 725.000 712.000 708.000 708.000 707.000 706.000 720.000 722.000 715.000 706.000 695.000 698.000 700.000 703.000 705.000 708.000 712.000 709.000 711.000 723.000 709.000 706.000 710.000 709.000 702.000 688.000 687.000 688.000 691.000 693.000 692.000 696.000 704.000 721.000 727.000 747.000 763.000 758.000 737.000 746.000 782.000 803.000 813.000 834.000 848.000 882.000 941.000 939.000 944.000
737.000 723.000 721.000 722.000 717.000 715.000 713.000 715.000 718.000 725.000 740.000 756.000 760.000 745.000 720.000 713.000 713.000 712.000 712.000 728.000 726.000 721.000 722.000 710.000 711.000 723.000 722.000 734.000 752.000 768.000 770.000 771.000 787.000 762.000 755.000 743.000 729.000 721.000 709.000 714.000 714.000 714.000 717.000 735.000 741.000 739.000 765.000 760.000 767.000 763.000 766.000 763.000 755.000 769.000 797.000 808.000 829.000 840.000 879.000 932.000 931.000 939.000
746.000 732.000 732.000 733.000 723.000 721.000 718.000 725.000 725.000 740.000 774.000 785.000 758.000 739.000 718.000 718.000 721.000 722.000 723.000 738.000 742.000 735.000 733.000 723.000 724.000 735.000 743.000 757.000 797.000 807.000 811.000 810.000 806.000 780.000 772.000 761.000 762.000 767.000 760.000 756.000 745.000 724.000 734.000 764.000 757.000 752.000 773.000 766.000 772.000 769.000 775.000 770.000 762.000 747.000 773.000 788.000 816.000 824.000 854.000 874.000 876.000 903.000
752.000 746.000 740.000 738.000 734.000 733.000 734.000 738.000 743.000 764.000 794.000 784.000 749.000 737.000 720.000 726.000 729.000 747.000 752.000 757.000 740.000 738.000 747.000 744.000 754.000 766.000 772.000 785.000 819.000 834.000 838.000 838.000 832.000 802.000 787.000 788.000 802.000 805.000 803.000 797.000 770.000 751.000 760.000 772.000 760.000 762.000 778.000 770.000 779.000 787.000 792.000 778.000 768.000 759.000 767.000 775.000 803.000 815.000 835.000 837.000 843.000 881.000
768.000 765.000 762.000 755.000 747.000 743.000 748.000 771.000 776.000 790.000 799.000 777.000 748.000 737.000 727.000 751.000 757.000 768.000 777.000 762.000 744.000 751.000 759.000 768.000 786.000 804.000 806.000 802.000 832.000 852.000 862.000 863.000 854.000 829.000 817.000 818.000 842.000 842.000 822.000 813.000 786.000 783.000 786.000 766.000 761.000 779.000 786.000 775.000 792.000 801.000 800.000 785.000 774.000 775.000 774.000 771.000 786.000 799.000 818.000 820.000 824.000 857.000
807.000 801.000 803.000 790.000 770.000 774.000 780.000 802.000 815.000 817.000 793.000 769.000 745.000 744.000 736.000 764.000 781.000 797.000 800.000 767.000 762.000 760.000 782.000 802.000 813.000 827.000 831.000 836.000 862.000 874.000 885.000 889.000 880.000 861.000 856.000 850.000 865.000 863.000 841.000 822.000 802.000 794.000 788.000 781.000 781.000 795.000 801.000 785.000 794.000 804.000 804.000 790.000 779.000 785.000 786.000 782.000 780.000 783.000 798.000 809.000 816.000 842.000
823.000 815.000 812.000 808.000 800.000 809.000 816.000 833.000 836.000 821.000 782.000 765.000 757.000 761.000 758.000 769.000 796.000 817.000 812.000 793.000 797.000 789.000 807.000 825.000 831.000 850.000 861.000 868.000 884.000 890.000 903.000 904.000 893.000 879.000 879.000 873.000 865.000 865.000 864.000 850.000 831.000 809.000 801.000 800.000 801.000 813.000 819.000 812.000 812.000 814.000 813.000 800.000 788.000 791.000 795.000 800.000 788.000 783.000 785.000 801.000 807.000 831.000
811.000 807.000 817.000 822.000 826.000 834.000 841.000 848.000 839.000 816.000 784.000 781.000 789.000 789.000 771.000 778.000 805.000 816.000 811.000 819.000 824.000 824.000 831.000 852.000 859.000 874.000 882.000 887.000 902.000 906.000 928.000 935.000 918.000 901.000 892.000 887.000 869.000 866.000 875.000 866.000 847.000 824.000 818.000 819.000 818.000 826.000 831.000 830.000 831.000 827.000 823.000 809.000 804.000 797.000 795.000 796.000 797.000 797.000 790.000 808.000 813.000 838.000
793.000 791.000 819.000 841.000 854.000 861.000 860.000 848.000 840.000 829.000 821.000 825.000 828.000 828.000 794.000 781.000 805.000 817.000 819.000 826.000 831.000 834.000 846.000 861.000 869.000 883.000 895.000 912.000 922.000 945.000 985.000 984.000 974.000 937.000 927.000 937.000 902.000 898.000 891.000 882.000 857.000 840.000 836.000 836.000 839.000 845.000 849.000 844.000 841.000 836.000 832.000 822.000 821.000 818.000 804.000 805.000 808.000 803.000 799.000 822.000 827.000 841.000
777.000 784.000 825.000 845.000 854.000 865.000 860.000 852.000 851.000 844.000 836.000 834.000 836.000 832.000 812.000 787.000 810.000 820.000 823.000 827.000 836.000 842.000 851.000 859.000 869.000 895.000 906.000 938.000 980.000 992.000 996.000 995.000 996.000 983.000 977.000 980.000 966.000 952.000 919.000 896.000 876.000 860.000 858.000 857.000 860.000 867.000 869.000 866.000 862.000 850.000 842.000 836.000 835.000 846.000 834.000 830.000 819.000 810.000 808.000 835.000 842.000 857.000
764.000 789.000 825.000 831.000 832.000 862.000 858.000 848.000 846.000 845.000 842.000 836.000 825.000 822.000 816.000 810.000 817.000 822.000 827.000 831.000 841.000 844.000 852.000 867.000 875.000 897.000 917.000 978.000 1002.000 1002.000 999.000 998.000 994.000 988.000 989.000 1004.000 1008.000 1001.000 974.000 943.000 891.000 878.000 874.000 876.000 881.000 881.000 896.000 894.000 879.000 869.000 858.000 847.000 847.000 863.000 863.000 853.000 823.000 817.000 818.000 842.000 857.000 892.000
763.000 782.000 807.000 806.000 816.000 857.000 861.000 852.000 851.000 848.000 838.000 832.000 825.000 820.000 819.000 818.000 820.000 823.000 829.000 833.000 839.000 843.000 850.000 868.000 876.000 893.000 916.000 972.000 1005.000 1005.000 1000.000 991.000 991.000 980.000 983.000 1004.000 1019.000 1016.000 999.000 986.000 939.000 904.000 899.000 899.000 906.000 928.000 942.000 937.000 914.000 882.000 877.000 863.000 865.000 881.000 884.000 867.000 832.000 822.000 826.000 850.000 865.000 912.000
757.000 770.000 785.000 799.000 829.000 857.000 865.000 859.000 856.000 849.000 840.000 833.000 825.000 -9999.000 -9999.000 818.000 821.000 820.000 828.000 833.000 837.000 842.000 848.000 862.000 870.000 888.000 900.000 954.000 1001.000 1003.000 1001.000 989.000 985.000 980.000 983.000 993.000 1013.000 1016.000 1004.000 996.000 974.000 952.000 949.000 946.000 942.000 950.000 947.000 943.000 943.000 935.000 922.000 908.000 907.000 920.000 921.000 891.000 841.000 831.000 833.000 858.000 879.000 912.000
766.000 776.000 783.000 793.000 822.000 846.000 856.000 853.000 849.000 844.000 847.000 841.000 -9999.000 -9999.000 -9999.000 -9999.000 -9999.000 824.000 830.000 833.000 841.000 845.000 853.000 860.000 867.000 881.000 886.000 913.000 959.000 980.000 987.000 980.000 977.000 990.000 -9999.000 -9999.000 -9999.000 -9999.000 1010.000 1002.000 981.000 958.000 953.000 954.000 946.000 947.000 -9999.000 -9999.000 -9999.000 952.000 950.000 940.000 934.000 934.000 934.000 917.000 849.000 836.000 834.000 864.000 892.000 912.000
771.000 784.000 792.000 796.000 830.000 837.000 840.000 -9999.000 -9999.000 -9999.000 -9999.000 -9999.000 -9999.000 -9999.000 -9999.000 -9999.000 -9999.000 -9999.000 -9999.000 -9999.000 -9999.000 -9999.000 -9999.000 -9999.000 877.000 902.000 912.000 918.000 932.000 953.000 973.000 969.000 973.000 990.000 -9999.000 -9999.000 -9999.000 -9999.000 -9999.000 1006.000 984.000 957.000 952.000 956.000 956.000 -9999.000 -9999.000 -9999.000 -9999.000 -9999.000 933.000 931.000 928.000 923.000 929.000 926.000 883.000 856.000 843.000 890.000 915.000 914.000
779.000 786.000 815.000 819.000 828.000 836.000 -9999.000 -9999.000 -9999.000 -9999.000 -9999.000 -9999.000 -9999.000 -9999.000 -9999.000 -9999.000 -9999.000 -9999.000 -9999.000 -9999.000 -9999.000 -9999.000 -9999.000 -9999.000 -9999.000 -9999.000 947.000 956.000 938.000 941.000 957.000 964.000 967.000 977.000 -9999.000 -9999.000 -9999.000 -9999.000 -9999.000 -9999.000 -9999.000 -9999.000 -9999.000 -9999.000 -9999.000 -9999.000 -9999.000 -9999.000 -9999.000 -9999.000 932.000 927.000 927.000 918.000 918.000 918.000 904.000 888.000 864.000 906.000 919.000 -9999.000
782.000 805.000 824.000 827.000 835.000 836.000 -9999.000 -9999.000 -9999.000 -9999.000 -9999.000 -9999.000 -9999.000 -9999.000 -9999.000 -9999.000 -9999.000 -9999.000 -9999.000 -9999.000 -9999.000 -9999.000 -9999.000 -9999.000 -9999.000 -9999.000 -9999.000 987.000 973.000 974.000 960.000 963.000 968.000 970.000 -9999.000 -9999.000 -9999.000 -9999.000 -9999.000 -9999.000 -9999.000 -9999.000 -9999.000 -9999.000 -9999.000 -9999.000 -9999.000 -9999.000 -9999.000 -9999.000 -9999.000 -9999.000 925.000 922.000 926.000 927.000 923.000 917.000 895.000 918.000 919.000 -9999.000
794.000 812.000 823.000 830.000 836.000 -9999.000 -9999.000 -9999.000 -9999.000 -9999.000 -9999.000 -9999.000 -9999.000 -9999.000 -9999.000 -9999.000 -9999.000 -9999.000 -9999.000 -9999.000 -9999.000 -9999.000 -9999.000 -9999.000 -9999.000 -9999.000 -9999.000 987.000 983.000 981.000 972.000 966.000 973.000 978.000 -9999.000 -9999.000 -9999.000 -9999.000 -9999.000 -9999.000 -9999.000 -9999.000 -9999.000 -9999.000 -9999.000 -9999.000 -9999.000 -9999.000 -9999.000 -9999.000 -9999.000 -9999.000 -9999.000 -9999.000 932.000 939.000 933.000 928.000 925.000 936.000 935.000 -9999.000
808.000 823.000 838.000 838.000 835.000 -9999.000 -9999.000 -9999.000 -9999.000 -9999.000 -9999.000 -9999.000 -9999.000 -9999.000 -9999.000 -9999.000 -9999.000 -9999.000 -9999.000 -9999.000 -9999.000 -9999.000 -9999.000 -9999.000 -9999.000 -9999.000 -9999.000 987.000 985.000 977.000 973.000 979.000 985.000 994.000 -9999.000 -9999.000 -9999.000 -9999.000 -9999.000 -9999.000 -9999.000 -9999.000 -9999.000 -9999.000 -9999.000 -9999.000 -9999.000 -9999.000 -9999.000 -9999.000 -9999.000 -9999.000 -9999.000 -9999.000 -9999.000 941.000 940.000 939.000 939.000 942.000 -9999.000 -9999.000
826.000 832.000 839.000 -9999.000 -9999.000 -9999.000 -9999.000 -9999.000 -9999.000 -9999.000 -9999.000 -9999.000 -9999.000 -9999.000 -9999.000 -9999.000 -9999.000 -9999.000 -9999.000 -9999.000 -9999.000 -9999.000 -9999.000 -9999.000 -9999.000 -9999.000 -9999.000 -9999.000 -9999.000 -9999.000 -9999.000 -9999.000 -9999.000 -9999.000 -9999.000 -9999.000 -9999.000 -9999.000 -9999.000 -9999.000 -9999.000 -9999.000 -9999.000 -9999.000 -9999.000 -9999.000 -9999.000 -9999.000 -9999.000 -9999.000 -9999.000 -9999.000 -9999.000 -9999.000 -9999.000 -9999.000 -9999.000 954.000 948.000 -9999.000 -9999.000 -9999.000
836.000 839.000 848.000 -9999.000 -9999.000 -9999.000 -9999.000 -9999.000 -9999.000 -9999.000 -9999.000 -9999.000 -9999.000 -9999.000 -9999.000 -9999.000 -9999.000 -9999.000 -9999.000 -9999.000 -9999.000 -9999.000 -9999.000 -9999.000 -9999.000 -9999.000 -9999.000 -9999.000 -9999.000 -9999.000 -9999.000 -9999.000 -9999.000 -9999.000 -9999.000 -9999.000 -9999.000 -9999.000 -9999.000 -9999.000 -9999.000 -9999.000 -9999.000 -9999.000 -9999.000 -9999.000 -9999.000 -9999.000 -9999.000 -9999.000 -9999.000 -9999.000 -9999.000 -9999.000 -9999.000 -9999.000 -9999.000 -9999.000 -9999.000 -9999.000 -9999.000 -9999.000
840.000 847.000 856.000 -9999.000 -9999.000 -9999.000 -9999.000 -9999.000 -9999.000 -9999.000 -9999.000 -9999.000 -9999.000 -9999.000 -9999.000 -9999.000 -9999.000 -9999.000 -9999.000 -9999.000 -9999.000 -9999.000 -9999.000 -9999.000 -9999.000 -9999.000 -9999.000 -9999.000 -9999.000 -9999.000 -9999.000 -9999.000 -9999.000 -9999.000 -9999.000 -9999.000 -9999.000 -9999.000 -9999.000 -9999.000 -9999.000 -9999.000 -9999.000 -9999.000 -9999.000 -9999.000 -9999.000 -9999.000 -9999.000 -9999.000 -9999.000 -9999.000 -9999.000 -9999.000 -9999.000 -9999.000 -9999.000 -9999.000 -9999.000 -9999.000 -9999.000 -9999.000
857.000 861.000 861.000 -9999.000 -9999.000 -9999.000 -9999.000 -9999.000 -9999.000 -9999.000 -9999.000 -9999.000 -9999.000 -9999.000 -9999.000 -9999.000 -9999.000 -9999.000 -9999.000 -9999.000 -9999.000 -9999.000 -9999.000 -9999.000 -9999.000 -9999.000 -9999.000 -9999.000 -9999.000 -9999.000 -9999.000 -9999.000 -9999.000 -9999.000 -9999.000 -9999.000 -9999.000 -9999.000 -9999.000 -9999.000 -9999.000 -9999.000 -9999.000 -9999.000 -9999.000 -9999.000 -9999.000 -9999.000 -9999.000 -9999.000 -9999.000 -9999.000 -9999.000 -9999.000 -9999.000 -9999.000 -9999.000 -9999.000 -9999.000 -9999.000 -9999.000 -9999.000
866.000 869.000 873.000 -9999.000 -9999.000 -9999.000 -9999.000 -9999.000 -9999.000 -9999.000 -9999.000 -9999.000 -9999.000 -9999.000 -9999.000 -9999.000 -9999.000 -9999.000 -9999.000 -9999.000 -9999.000 -9999.000 -9999.000 -9999.000 -9999.000 -9999.000 -9999.000 -9999.000 -9999.000 -9999.000 -9999.000 -9999.000 -9999.000 -9999.000 -9999.000 -9999.000 -9999.000 -9999.000 -9999.000 -9999.000 -9999.000 -9999.000 -9999.000 -9999.000 -9999.000 -9999.000 -9999.000 -9999.000 -9999.000 -9999.000 -9999.000 -9999.000 -9999.000 -9999.000 -9999.000 -9999.000 -9999.000 -9999.000 -9999.000 -9999.000 -9999.000 -9999.000
