test/input/morph/dem.asc
ncols                480
nrows                580
xllcorner      3451124.0
yllcorner      5321772.5
cellsize             100
NODATA_value       -9999
[rows 189 to 215 of 580, columns 62 to 123 of 480]
-9999.000 -9999.000 -9999.000 -9999.000 -9999.000 -9999.000 -9999.000 -9999.000 -9999.000 -9999.000 -9999.000 -9999.000 -9999.000 -9999.000 -9999.000 -9999.000 -9999.000 -9999.000 -9999.000 676.000 670.000 673.000 677.000 675.000 666.000 660.000 619.000 609.000 636.000 643.000 655.000 654.000 651.000 613.000 579.000 574.000 568.000 568.000 555.000 545.000 537.000 557.000 600.000 609.000 608.000 606.000 601.000 594.000 588.000 581.000 579.000 599.000 607.000 611.000 618.000 623.000 625.000 628.000 628.000 626.000 627.000 623.000
-9999.000 -9999.000 -9999.000 -9999.000 -9999.000 -9999.000 -9999.000 -9999.000 -9999.000 -9999.000 -9999.000 -9999.000 -9999.000 -9999.000 -9999.000 -9999.000 -9999.000 -9999.000 -9999.000 -9999.000 680.000 695.000 690.000 684.000 666.000 644.000 632.000 619.000 623.000 631.000 654.000 654.000 652.000 633.000 597.000 588.000 568.000 563.000 556.000 543.000 536.000 558.000 593.000 600.000 607.000 606.000 600.000 596.000 592.000 591.000 616.000 621.000 625.000 626.000 635.000 640.000 645.000 641.000 640.000 644.000 639.000 638.000
-9999.000 -9999.000 -9999.000 -9999.000 -9999.000 -9999.000 -9999.000 -9999.000 -9999.000 -9999.000 -9999.000 -9999.000 -9999.000 -9999.000 -9999.000 -9999.000 -9999.000 -9999.000 -9999.000 -9999.000 -9999.000 -9999.000 690.000 673.000 656.000 634.000 611.000 606.000 606.000 613.000 640.000 648.000 645.000 630.000 602.000 591.000 578.000 569.000 562.000 545.000 540.000 557.000 597.000 604.000 624.000 617.000 604.000 602.000 601.000 618.000 640.000 644.000 645.000 647.000 654.000 658.000 658.000 648.000 657.000 663.000 660.000 657.000
-9999.000 -9999.000 -9999.000 -9999.000 -9999.000 -9999.000 -9999.000 -9999.000 -9999.000 -9999.000 -9999.000 -9999.000 -9999.000 -9999.000 -9999.000 -9999.000 -9999.000 -9999.000 -9999.000 -9999.000 -9999.000 -9999.000 688.000 655.000 650.000 632.000 613.000 607.000 603.000 609.000 624.000 636.000 635.000 625.000 609.000 601.000 578.000 570.000 559.000 549.000 544.000 545.000 594.000 612.000 662.000 667.000 664.000 657.000 653.000 639.000 654.000 658.000 661.000 662.000 668.000 670.000 670.000 667.000 670.000 666.000 663.000 653.000
-9999.000 -9999.000 -9999.000 -9999.000 -9999.000 -9999.000 -9999.000 -9999.000 -9999.000 -9999.000 -9999.000 -9999.000 -9999.000 -9999.000 -9999.000 -9999.000 -9999.000 -9999.000 -9999.000 -9999.000 -9999.000 -9999.000 685.000 654.000 648.000 635.000 624.000 610.000 593.000 586.000 596.000 618.000 619.000 609.000 598.000 585.000 561.000 557.000 553.000 544.000 540.000 550.000 592.000 608.000 650.000 661.000 675.000 672.000 670.000 669.000 665.000 670.000 671.000 671.000 675.000 679.000 677.000 669.000 663.000 646.000 648.000 639.000
-9999.000 -9999.000 -9999.000 -9999.000 -9999.000 -9999.000 -9999.000 -9999.000 -9999.000 -9999.000 -9999.000 -9999.000 -9999.000 -9999.000 -9999.000 -9999.000 -9999.000 -9999.000 -9999.000 -9999.000 -9999.000 686.000 677.000 656.000 653.000 645.000 633.000 619.000 602.000 577.000 577.000 583.000 584.000 578.000 564.000 557.000 553.000 558.000 562.000 547.000 539.000 551.000 594.000 604.000 630.000 642.000 658.000 669.000 664.000 670.000 667.000 670.000 663.000 667.000 672.000 674.000 671.000 661.000 637.000 625.000 602.000 601.000
-9999.000 -9999.000 -9999.000 -9999.000 -9999.000 -9999.000 -9999.000 -9999.000 -9999.000 -9999.000 -9999.000 -9999.000 705.000 687.000 -9999.000 -9999.000 -9999.000 -9999.000 -9999.000 -9999.000 -9999.000 689.000 679.000 662.000 658.000 649.000 637.000 626.000 594.000 579.000 574.000 567.000 566.000 560.000 555.000 556.000 563.000 573.000 583.000 554.000 540.000 547.000 583.000 593.000 614.000 629.000 649.000 653.000 653.000 655.000 656.000 657.000 651.000 655.000 667.000 665.000 664.000 649.000 610.000 603.000 584.000 580.000
-9999.000 -9999.000 -9999.000 -9999.000 -9999.000 -9999.000 -9999.000 -9999.000 -9999.000 -9999.000 -9999.000 -9999.000 697.000 682.000 683.000 -9999.000 -9999.000 -9999.000 -9999.000 -9999.000 -9999.000 703.000 699.000 675.000 668.000 651.000 640.000 628.000 595.000 593.000 595.000 583.000 569.000 562.000 567.000 574.000 587.000 597.000 596.000 574.000 550.000 543.000 567.000 582.000 605.000 616.000 647.000 650.000 649.000 646.000 641.000 640.000 640.000 648.000 655.000 652.000 652.000 641.000 616.000 599.000 584.000 584.000
-9999.000 -9999.000 -9999.000 -9999.000 -9999.000 -9999.000 -9999.000 -9999.000 -9999.000 -9999.000 -9999.000 -9999.000 686.000 679.000 679.000 -9999.000 -9999.000 -9999.000 -9999.000 -9999.000 -9999.000 702.000 695.000 677.000 665.000 654.000 642.000 630.000 609.000 611.000 616.000 582.000 569.000 573.000 589.000 595.000 604.000 606.000 606.000 600.000 581.000 546.000 555.000 572.000 596.000 607.000 642.000 649.000 648.000 643.000 637.000 635.000 630.000 638.000 639.000 636.000 635.000 628.000 638.000 637.000 615.000 615.000
-9999.000 -9999.000 -9999.000 -9999.000 -9999.000 -9999.000 -9999.000 -9999.000 -9999.000 -9999.000 -9999.000 -9999.000 688.000 679.000 680.000 -9999.000 -9999.000 -9999.000 -9999.000 706.000 703.000 693.000 682.000 663.000 661.000 651.000 643.000 639.000 623.000 611.000 603.000 574.000 570.000 592.000 606.000 609.000 613.000 616.000 613.000 607.000 600.000 554.000 544.000 559.000 590.000 602.000 630.000 653.000 649.000 643.000 636.000 631.000 624.000 621.000 638.000 639.000 632.000 620.000 626.000 632.000 632.000 633.000
-9999.000 -9999.000 -9999.000 -9999.000 725.000 720.000 717.000 694.000 685.000 686.000 684.000 684.000 683.000 680.000 681.000 686.000 704.000 -9999.000 707.000 704.000 693.000 685.000 682.000 662.000 656.000 641.000 640.000 637.000 623.000 601.000 592.000 585.000 597.000 616.000 615.000 617.000 623.000 623.000 620.000 606.000 601.000 560.000 546.000 556.000 585.000 593.000 625.000 659.000 652.000 645.000 639.000 634.000 625.000 621.000 619.000 631.000 628.000 628.000 631.000 633.000 631.000 627.000
-9999.000 -9999.000 -9999.000 731.000 720.000 708.000 708.000 695.000 686.000 687.000 685.000 683.000 682.000 680.000 682.000 686.000 703.000 706.000 705.000 700.000 691.000 687.000 688.000 680.000 673.000 643.000 637.000 637.000 631.000 605.000 597.000 615.000 624.000 624.000 626.000 628.000 630.000 622.000 617.000 605.000 599.000 563.000 549.000 560.000 584.000 604.000 622.000 661.000 655.000 645.000 639.000 637.000 623.000 622.000 603.000 598.000 601.000 610.000 615.000 617.000 616.000 617.000
-9999.000 -9999.000 729.000 726.000 704.000 697.000 695.000 693.000 691.000 690.000 685.000 683.000 684.000 682.000 684.000 687.000 697.000 699.000 692.000 692.000 696.000 697.000 696.000 686.000 672.000 658.000 637.000 642.000 633.000 622.000 615.000 622.000 630.000 626.000 634.000 634.000 627.000 611.000 607.000 596.000 586.000 553.000 555.000 564.000 584.000 607.000 621.000 652.000 653.000 644.000 637.000 633.000 622.000 618.000 610.000 588.000 578.000 580.000 593.000 599.000 601.000 597.000
-9999.000 -9999.000 728.000 721.000 701.000 696.000 694.000 697.000 689.000 686.000 679.000 677.000 674.000 675.000 676.000 676.000 674.000 672.000 668.000 670.000 686.000 697.000 696.000 687.000 677.000 671.000 653.000 651.000 645.000 630.000 624.000 628.000 628.000 630.000 635.000 632.000 618.000 605.000 598.000 577.000 567.000 545.000 557.000 568.000 589.000 609.000 628.000 654.000 652.000 642.000 636.000 630.000 616.000 611.000 601.000 591.000 579.000 580.000 583.000 577.000 583.000 584.000
-9999.000 -9999.000 724.000 705.000 702.000 694.000 694.000 695.000 684.000 680.000 677.000 673.000 671.000 670.000 672.000 672.000 668.000 665.000 661.000 663.000 675.000 680.000 679.000 681.000 683.000 683.000 684.000 678.000 652.000 637.000 633.000 630.000 627.000 630.000 633.000 627.000 610.000 596.000 590.000 561.000 550.000 547.000 566.000 578.000 596.000 620.000 647.000 656.000 653.000 643.000 632.000 628.000 609.000 596.000 584.000 584.000 595.000 601.000 604.000 587.000 572.000 575.000
-9999.000 -9999.000 726.000 706.000 699.000 691.000 692.000 689.000 684.000 682.000 678.000 676.000 673.000 671.000 668.000 668.000 666.000 664.000 660.000 658.000 660.000 664.000 667.000 680.000 682.000 678.000 680.000 679.000 667.000 650.000 640.000 633.000 633.000 653.000 633.000 621.000 607.000 583.000 569.000 551.000 547.000 565.000 578.000 585.000 608.000 645.000 658.000 664.000 651.000 641.000 632.000 627.000 611.000 605.000 599.000 607.000 609.000 617.000 598.000 583.000 588.000 588.000
-9999.000 -9999.000 -9999.000 712.000 699.000 703.000 694.000 686.000 685.000 683.000 678.000 676.000 673.000 668.000 667.000 666.000 662.000 661.000 662.000 659.000 655.000 653.000 660.000 676.000 675.000 670.000 675.000 677.000 671.000 667.000 664.000 657.000 660.000 666.000 637.000 628.000 603.000 590.000 582.000 547.000 549.000 575.000 593.000 605.000 648.000 657.000 662.000 663.000 659.000 646.000 640.000 638.000 620.000 611.000 611.000 614.000 619.000 616.000 593.000 597.000 595.000 580.000
-9999.000 -9999.000 -9999.000 -9999.000 698.000 705.000 702.000 689.000 692.000 682.000 678.000 674.000 672.000 668.000 665.000 663.000 661.000 661.000 659.000 657.000 649.000 645.000 644.000 649.000 656.000 657.000 666.000 670.000 673.000 667.000 664.000 664.000 659.000 659.000 635.000 624.000 608.000 587.000 575.000 547.000 554.000 581.000 604.000 629.000 648.000 656.000 666.000 668.000 665.000 651.000 643.000 637.000 626.000 616.000 617.000 618.000 609.000 602.000 611.000 611.000 575.000 569.000
-9999.000 -9999.000 -9999.000 -9999.000 -9999.000 696.000 695.000 686.000 684.000 689.000 683.000 674.000 672.000 667.000 665.000 663.000 662.000 661.000 656.000 653.000 648.000 648.000 644.000 638.000 633.000 634.000 642.000 644.000 656.000 672.000 670.000 654.000 648.000 646.000 645.000 628.000 607.000 584.000 572.000 552.000 561.000 584.000 620.000 637.000 645.000 653.000 662.000 668.000 665.000 656.000 644.000 639.000 633.000 626.000 625.000 621.000 611.000 607.000 605.000 601.000 580.000 584.000
-9999.000 -9999.000 -9999.000 -9999.000 -9999.000 689.000 687.000 692.000 697.000 697.000 695.000 686.000 678.000 673.000 671.000 666.000 662.000 658.000 658.000 658.000 653.000 651.000 646.000 642.000 638.000 634.000 630.000 622.000 623.000 654.000 662.000 656.000 648.000 644.000 644.000 641.000 607.000 586.000 578.000 551.000 553.000 580.000 620.000 637.000 644.000 651.000 665.000 672.000 668.000 666.000 662.000 652.000 639.000 634.000 634.000 627.000 620.000 617.000 605.000 595.000 593.000 594.000
-9999.000 -9999.000 -9999.000 -9999.000 -9999.000 -9999.000 701.000 705.000 700.000 698.000 697.000 688.000 681.000 693.000 687.000 670.000 672.000 673.000 675.000 672.000 661.000 654.000 650.000 648.000 646.000 641.000 634.000 627.000 611.000 633.000 644.000 656.000 648.000 649.000 641.000 642.000 617.000 588.000 581.000 565.000 557.000 571.000 609.000 630.000 653.000 656.000 662.000 671.000 668.000 668.000 666.000 664.000 642.000 641.000 639.000 631.000 626.000 624.000 603.000 593.000 598.000 606.000
-9999.000 -9999.000 -9999.000 -9999.000 -9999.000 -9999.000 -9999.000 -9999.000 -9999.000 -9999.000 698.000 690.000 690.000 701.000 698.000 677.000 692.000 696.000 694.000 672.000 664.000 658.000 655.000 653.000 649.000 644.000 635.000 629.000 610.000 622.000 625.000 637.000 648.000 642.000 644.000 641.000 639.000 609.000 590.000 580.000 555.000 562.000 593.000 615.000 658.000 657.000 663.000 666.000 667.000 672.000 668.000 670.000 655.000 642.000 639.000 636.000 632.000 624.000 603.000 592.000 602.000 622.000
-9999.000 -9999.000 -9999.000 -9999.000 -9999.000 -9999.000 -9999.000 -9999.000 -9999.000 -9999.000 699.000 694.000 697.000 701.000 698.000 691.000 696.000 694.000 686.000 672.000 658.000 654.000 651.000 646.000 640.000 640.000 637.000 640.000 642.000 632.000 622.000 616.000 634.000 639.000 636.000 637.000 638.000 639.000 624.000 592.000 562.000 556.000 581.000 596.000 644.000 664.000 665.000 665.000 665.000 670.000 669.000 667.000 662.000 646.000 642.000 640.000 636.000 623.000 601.000 599.000 615.000 630.000
-9999.000 -9999.000 -9999.000 -9999.000 -9999.000 -9999.000 -9999.000 -9999.000 -9999.000 -9999.000 -9999.000 -9999.000 -9999.000 -9999.000 702.000 700.000 692.000 681.000 666.000 657.000 653.000 647.000 646.000 646.000 646.000 647.000 663.000 656.000 645.000 638.000 635.000 629.000 621.000 631.000 628.000 632.000 639.000 639.000 642.000 609.000 580.000 559.000 567.000 584.000 619.000 656.000 665.000 665.000 668.000 669.000 670.000 666.000 667.000 666.000 651.000 642.000 636.000 625.000 606.000 605.000 631.000 634.000
-9999.000 -9999.000 -9999.000 -9999.000 -9999.000 -9999.000 -9999.000 -9999.000 -9999.000 -9999.000 -9999.000 -9999.000 -9999.000 -9999.000 -9999.000 -9999.000 694.000 689.000 668.000 664.000 663.000 658.000 659.000 659.000 657.000 656.000 653.000 642.000 639.000 648.000 646.000 640.000 609.000 615.000 622.000 620.000 634.000 639.000 638.000 621.000 588.000 570.000 559.000 565.000 598.000 639.000 656.000 665.000 672.000 672.000 670.000 666.000 666.000 670.000 661.000 644.000 642.000 631.000 623.000 617.000 636.000 638.000
-9999.000 -9999.000 -9999.000 -9999.000 -9999.000 -9999.000 -9999.000 -9999.000 -9999.000 -9999.000 -9999.000 -9999.000 -9999.000 -9999.000 -9999.000 -9999.000 -9999.000 -9999.000 -9999.000 -9999.000 -9999.000 -9999.000 -9999.000 669.000 675.000 672.000 661.000 650.000 652.000 655.000 654.000 642.000 619.000 607.000 610.000 610.000 618.000 624.000 622.000 609.000 592.000 583.000 562.000 562.000 588.000 631.000 648.000 664.000 674.000 673.000 667.000 668.000 667.000 663.000 659.000 647.000 644.000 637.000 634.000 628.000 638.000 641.000
-9999.000 -9999.000 -9999.000 -9999.000 -9999.000 -9999.000 -9999.000 -9999.000 -9999.000 -9999.000 -9999.000 -9999.000 -9999.000 -9999.000 -9999.000 -9999.000 -9999.000 -9999.000 -9999.000 -9999.000 -9999.000 -9999.000 -9999.000 -9999.000 -9999.000 680.000 670.000 663.000 662.000 662.000 654.000 638.000 622.000 613.000 595.000 596.000 605.000 604.000 600.000 596.000 584.000 575.000 565.000 564.000 586.000 632.000 647.000 665.000 670.000 672.000 667.000 667.000 667.000 666.000 665.000 653.000 646.000 640.000 638.000 637.000 640.000 642.000
