test/input/morph/dem.asc
ncols                480
nrows                580
xllcorner      3451124.0
yllcorner      5321772.5
cellsize             100
NODATA_value       -9999
[rows 540 to 566 of 580, columns 186 to 247 of 480]
717.000 729.000 736.000 738.000 746.000 740.000 729.000 734.000 735.000 719.000 707.000 720.000 735.000 737.000 736.000 733.000 733.000 731.000 729.000 727.000 730.000 730.000 725.000 724.000 720.000 719.000 719.000 716.000 716.000 715.000 715.000 714.000 712.000 708.000 706.000 704.000 702.000 698.000 687.000 692.000 723.000 724.000 738.000 724.000 724.000 728.000 729.000 732.000 728.000 727.000 724.000 728.000 725.000 712.000 711.000 714.000 731.000 732.000 738.000 730.000 725.000 728.000
699.000 727.000 735.000 731.000 734.000 736.000 733.000 736.000 733.000 726.000 714.000 711.000 730.000 738.000 742.000 734.000 732.000 731.000 730.000 729.000 728.000 729.000 730.000 729.000 729.000 724.000 723.000 726.000 728.000 731.000 727.000 722.000 715.000 710.000 709.000 704.000 703.000 699.000 689.000 697.000 727.000 727.000 725.000 726.000 726.000 735.000 738.000 734.000 728.000 728.000 731.000 728.000 722.000 713.000 713.000 713.000 728.000 728.000 731.000 726.000 735.000 741.000
698.000 715.000 735.000 730.000 732.000 733.000 734.000 734.000 732.000 731.000 722.000 713.000 720.000 732.000 737.000 737.000 737.000 734.000 730.000 731.000 731.000 735.000 737.000 736.000 736.000 728.000 733.000 740.000 741.000 736.000 728.000 728.000 721.000 709.000 705.000 701.000 700.000 695.000 708.000 715.000 706.000 708.000 716.000 726.000 729.000 727.000 727.000 722.000 721.000 723.000 729.000 725.000 718.000 714.000 713.000 718.000 724.000 728.000 727.000 731.000 751.000 764.000
698.000 703.000 725.000 731.000 732.000 727.000 728.000 731.000 729.000 727.000 720.000 715.000 711.000 720.000 738.000 737.000 735.000 735.000 734.000 734.000 741.000 743.000 750.000 749.000 740.000 740.000 744.000 743.000 735.000 733.000 735.000 738.000 725.000 711.000 706.000 701.000 700.000 698.000 700.000 697.000 697.000 704.000 720.000 729.000 729.000 728.000 725.000 720.000 718.000 715.000 718.000 716.000 717.000 720.000 719.000 725.000 737.000 745.000 754.000 757.000 764.000 765.000
700.000 704.000 705.000 713.000 734.000 735.000 724.000 728.000 727.000 721.000 720.000 720.000 718.000 719.000 729.000 736.000 737.000 735.000 734.000 736.000 746.000 755.000 755.000 751.000 746.000 747.000 747.000 747.000 740.000 741.000 742.000 743.000 739.000 723.000 718.000 709.000 704.000 715.000 700.000 698.000 698.000 709.000 723.000 729.000 729.000 726.000 725.000 718.000 722.000 721.000 719.000 720.000 720.000 741.000 740.000 748.000 756.000 757.000 765.000 773.000 777.000 775.000
707.000 709.000 701.000 703.000 712.000 714.000 725.000 723.000 726.000 728.000 729.000 728.000 729.000 728.000 723.000 731.000 736.000 736.000 735.000 738.000 747.000 753.000 758.000 757.000 756.000 751.000 750.000 753.000 748.000 748.000 746.000 745.000 742.000 735.000 731.000 714.000 711.000 707.000 699.000 696.000 707.000 721.000 729.000 727.000 728.000 725.000 719.000 719.000 730.000 727.000 723.000 728.000 730.000 737.000 740.000 755.000 764.000 772.000 785.000 792.000 793.000 784.000
716.000 712.000 709.000 717.000 706.000 705.000 718.000 724.000 724.000 730.000 728.000 730.000 730.000 728.000 727.000 723.000 729.000 734.000 734.000 738.000 746.000 754.000 761.000 760.000 755.000 754.000 756.000 759.000 755.000 754.000 748.000 744.000 736.000 725.000 724.000 721.000 716.000 706.000 699.000 699.000 703.000 715.000 727.000 726.000 726.000 724.000 720.000 718.000 720.000 726.000 733.000 732.000 734.000 750.000 749.000 754.000 777.000 794.000 806.000 804.000 801.000 792.000
715.000 718.000 725.000 730.000 727.000 720.000 716.000 716.000 721.000 728.000 734.000 734.000 731.000 729.000 729.000 727.000 725.000 729.000 731.000 737.000 746.000 753.000 754.000 753.000 753.000 755.000 758.000 758.000 756.000 754.000 745.000 738.000 728.000 727.000 737.000 724.000 719.000 712.000 705.000 703.000 700.000 705.000 715.000 728.000 724.000 722.000 718.000 716.000 715.000 726.000 733.000 729.000 729.000 741.000 753.000 765.000 777.000 790.000 806.000 -9999.000 -9999.000 -9999.000
723.000 726.000 740.000 747.000 746.000 734.000 729.000 715.000 715.000 722.000 735.000 738.000 733.000 733.000 736.000 735.000 734.000 728.000 730.000 731.000 735.000 737.000 745.000 747.000 756.000 758.000 759.000 760.000 755.000 751.000 743.000 739.000 735.000 733.000 729.000 723.000 722.000 719.000 715.000 710.000 703.000 703.000 710.000 718.000 722.000 718.000 715.000 714.000 714.000 723.000 728.000 726.000 730.000 752.000 762.000 774.000 788.000 796.000 802.000 -9999.000 -9999.000 -9999.000
734.000 736.000 748.000 749.000 744.000 740.000 732.000 725.000 719.000 722.000 734.000 740.000 738.000 737.000 739.000 734.000 732.000 732.000 733.000 730.000 735.000 737.000 742.000 755.000 758.000 761.000 761.000 761.000 755.000 751.000 746.000 745.000 754.000 735.000 730.000 726.000 724.000 723.000 717.000 712.000 710.000 712.000 710.000 710.000 712.000 715.000 711.000 713.000 714.000 726.000 734.000 735.000 744.000 758.000 771.000 782.000 798.000 800.000 -9999.000 -9999.000 -9999.000 -9999.000
744.000 746.000 748.000 750.000 747.000 742.000 739.000 726.000 723.000 728.000 741.000 747.000 745.000 744.000 742.000 736.000 736.000 734.000 734.000 730.000 732.000 740.000 751.000 757.000 760.000 -9999.000 -9999.000 758.000 754.000 754.000 745.000 742.000 749.000 738.000 732.000 730.000 729.000 724.000 720.000 721.000 723.000 722.000 717.000 713.000 713.000 713.000 710.000 713.000 724.000 728.000 731.000 737.000 746.000 759.000 766.000 775.000 794.000 793.000 -9999.000 -9999.000 -9999.000 -9999.000
752.000 752.000 751.000 754.000 748.000 744.000 741.000 729.000 729.000 730.000 742.000 748.000 748.000 746.000 747.000 743.000 739.000 734.000 734.000 732.000 732.000 738.000 753.000 757.000 -9999.000 -9999.000 -9999.000 758.000 757.000 756.000 755.000 751.000 748.000 744.000 742.000 738.000 735.000 727.000 727.000 728.000 727.000 726.000 721.000 716.000 715.000 711.000 714.000 716.000 729.000 725.000 724.000 735.000 747.000 764.000 768.000 773.000 785.000 -9999.000 -9999.000 -9999.000 -9999.000 -9999.000
759.000 756.000 753.000 752.000 748.000 746.000 745.000 739.000 736.000 737.000 739.000 744.000 749.000 749.000 749.000 744.000 741.000 737.000 736.000 735.000 733.000 738.000 749.000 752.000 -9999.000 -9999.000 -9999.000 -9999.000 -9999.000 760.000 759.000 755.000 750.000 746.000 742.000 736.000 736.000 731.000 733.000 732.000 731.000 725.000 722.000 717.000 715.000 714.000 717.000 720.000 728.000 728.000 731.000 738.000 743.000 759.000 770.000 777.000 -9999.000 -9999.000 -9999.000 -9999.000 -9999.000 -9999.000
757.000 757.000 753.000 750.000 747.000 746.000 746.000 743.000 739.000 737.000 734.000 734.000 740.000 743.000 753.000 748.000 749.000 750.000 747.000 739.000 738.000 742.000 743.000 744.000 -9999.000 -9999.000 -9999.000 -9999.000 -9999.000 -9999.000 -9999.000 753.000 749.000 743.000 741.000 737.000 737.000 734.000 733.000 732.000 728.000 724.000 723.000 716.000 715.000 714.000 720.000 724.000 728.000 730.000 737.000 741.000 750.000 773.000 774.000 -9999.000 -9999.000 -9999.000 -9999.000 -9999.000 -9999.000 -9999.000
757.000 754.000 752.000 750.000 746.000 744.000 743.000 742.000 742.000 739.000 740.000 742.000 742.000 748.000 755.000 752.000 754.000 758.000 757.000 751.000 742.000 740.000 745.000 746.000 -9999.000 -9999.000 -9999.000 -9999.000 -9999.000 -9999.000 -9999.000 751.000 747.000 745.000 744.000 740.000 738.000 734.000 728.000 725.000 725.000 723.000 721.000 715.000 713.000 715.000 715.000 720.000 733.000 738.000 746.000 743.000 757.000 769.000 -9999.000 -9999.000 -9999.000 -9999.000 -9999.000 -9999.000 -9999.000 -9999.000
758.000 755.000 751.000 751.000 747.000 745.000 744.000 748.000 749.000 742.000 744.000 749.000 752.000 755.000 762.000 760.000 762.000 764.000 764.000 756.000 747.000 746.000 740.000 745.000 -9999.000 -9999.000 -9999.000 -9999.000 -9999.000 -9999.000 -9999.000 -9999.000 -9999.000 -9999.000 744.000 739.000 738.000 732.000 726.000 724.000 721.000 725.000 723.000 719.000 717.000 721.000 725.000 733.000 749.000 752.000 761.000 764.000 763.000 -9999.000 -9999.000 -9999.000 -9999.000 -9999.000 -9999.000 -9999.000 -9999.000 -9999.000
758.000 756.000 751.000 750.000 746.000 748.000 751.000 758.000 759.000 756.000 764.000 762.000 764.000 764.000 768.000 770.000 769.000 769.000 764.000 760.000 751.000 748.000 745.000 -9999.000 -9999.000 -9999.000 -9999.000 -9999.000 -9999.000 -9999.000 -9999.000 -9999.000 -9999.000 -9999.000 -9999.000 -9999.000 735.000 734.000 727.000 726.000 724.000 728.000 727.000 724.000 723.000 727.000 741.000 747.000 -9999.000 -9999.000 -9999.000 -9999.000 -9999.000 -9999.000 -9999.000 -9999.000 -9999.000 -9999.000 -9999.000 -9999.000 -9999.000 -9999.000
756.000 754.000 749.000 748.000 745.000 753.000 758.000 763.000 761.000 767.000 766.000 766.000 767.000 767.000 768.000 769.000 770.000 -9999.000 -9999.000 760.000 756.000 749.000 -9999.000 -9999.000 -9999.000 -9999.000 -9999.000 -9999.000 -9999.000 -9999.000 -9999.000 -9999.000 -9999.000 -9999.000 -9999.000 -9999.000 735.000 731.000 728.000 726.000 727.000 728.000 730.000 733.000 733.000 733.000 736.000 -9999.000 -9999.000 -9999.000 -9999.000 -9999.000 -9999.000 -9999.000 -9999.000 -9999.000 -9999.000 -9999.000 -9999.000 -9999.000 -9999.000 -9999.000
752.000 750.000 749.000 746.000 743.000 749.000 758.000 764.000 763.000 764.000 762.000 762.000 762.000 761.000 762.000 763.000 766.000 -9999.000 -9999.000 -9999.000 -9999.000 -9999.000 -9999.000 -9999.000 -9999.000 -9999.000 -9999.000 -9999.000 -9999.000 -9999.000 -9999.000 -9999.000 -9999.000 -9999.000 -9999.000 -9999.000 -9999.000 -9999.000 -9999.000 -9999.000 -9999.000 -9999.000 -9999.000 -9999.000 -9999.000 -9999.000 -9999.000 -9999.000 -9999.000 -9999.000 -9999.000 -9999.000 -9999.000 -9999.000 -9999.000 -9999.000 -9999.000 -9999.000 -9999.000 -9999.000 -9999.000 -9999.000
753.000 751.000 746.000 746.000 743.000 742.000 744.000 749.000 750.000 753.000 754.000 754.000 754.000 755.000 756.000 760.000 762.000 -9999.000 -9999.000 -9999.000 -9999.000 -9999.000 -9999.000 -9999.000 -9999.000 -9999.000 -9999.000 -9999.000 -9999.000 -9999.000 -9999.000 -9999.000 -9999.000 -9999.000 -9999.000 -9999.000 -9999.000 -9999.000 -9999.000 -9999.000 -9999.000 -9999.000 -9999.000 -9999.000 -9999.000 -9999.000 -9999.000 -9999.000 -9999.000 -9999.000 -9999.000 -9999.000 -9999.000 -9999.000 -9999.000 -9999.000 -9999.000 -9999.000 -9999.000 -9999.000 -9999.000 -9999.000
752.000 750.000 746.000 746.000 743.000 739.000 737.000 738.000 740.000 742.000 742.000 744.000 747.000 749.000 753.000 759.000 -9999.000 -9999.000 -9999.000 -9999.000 -9999.000 -9999.000 -9999.000 -9999.000 -9999.000 -9999.000 -9999.000 -9999.000 -9999.000 -9999.000 -9999.000 -9999.000 -9999.000 -9999.000 -9999.000 -9999.000 -9999.000 -9999.000 -9999.000 -9999.000 -9999.000 -9999.000 -9999.000 -9999.000 -9999.000 -9999.000 -9999.000 -9999.000 -9999.000 -9999.000 -9999.000 -9999.000 -9999.000 -9999.000 -9999.000 -9999.000 -9999.000 -9999.000 -9999.000 -9999.000 -9999.000 -9999.000
744.000 746.000 747.000 750.000 746.000 740.000 738.000 735.000 734.000 735.000 738.000 739.000 746.000 750.000 754.000 759.000 -9999.000 -9999.000 -9999.000 -9999.000 -9999.000 -9999.000 -9999.000 -9999.000 -9999.000 -9999.000 -9999.000 -9999.000 -9999.000 -9999.000 -9999.000 -9999.000 -9999.000 -9999.000 -9999.000 -9999.000 -9999.000 -9999.000 -9999.000 -9999.000 -9999.000 -9999.000 -9999.000 -9999.000 -9999.000 -9999.000 -9999.000 -9999.000 -9999.000 -9999.000 -9999.000 -9999.000 -9999.000 -9999.000 -9999.000 -9999.000 -9999.000 -9999.000 -9999.000 -9999.000 -9999.000 -9999.000
721.000 726.000 739.000 745.000 744.000 741.000 738.000 733.000 731.000 732.000 740.000 743.000 753.000 757.000 758.000 757.000 -9999.000 -9999.000 -9999.000 -9999.000 -9999.000 -9999.000 -9999.000 -9999.000 -9999.000 -9999.000 -9999.000 -9999.000 -9999.000 -9999.000 -9999.000 -9999.000 -9999.000 -9999.000 -9999.000 -9999.000 -9999.000 -9999.000 -9999.000 -9999.000 -9999.000 -9999.000 -9999.000 -9999.000 -9999.000 -9999.000 -9999.000 -9999.000 -9999.000 -9999.000 -9999.000 -9999.000 -9999.000 -9999.000 -9999.000 -9999.000 -9999.000 -9999.000 -9999.000 -9999.000 -9999.000 -9999.000
707.000 708.000 717.000 720.000 724.000 728.000 728.000 732.000 733.000 731.000 740.000 751.000 754.000 752.000 752.000 754.000 -9999.000 -9999.000 -9999.000 -9999.000 -9999.000 -9999.000 -9999.000 -9999.000 -9999.000 -9999.000 -9999.000 -9999.000 -9999.000 -9999.000 -9999.000 -9999.000 -9999.000 -9999.000 -9999.000 -9999.000 -9999.000 -9999.000 -9999.000 -9999.000 -9999.000 -9999.000 -9999.000 -9999.000 -9999.000 -9999.000 -9999.000 -9999.000 -9999.000 -9999.000 -9999.000 -9999.000 -9999.000 -9999.000 -9999.000 -9999.000 -9999.000 -9999.000 -9999.000 -9999.000 -9999.000 -9999.000
733.000 718.000 723.000 728.000 731.000 725.000 728.000 734.000 733.000 732.000 740.000 752.000 749.000 752.000 752.000 755.000 -9999.000 -9999.000 -9999.000 -9999.000 -9999.000 -9999.000 -9999.000 -9999.000 -9999.000 -9999.000 -9999.000 -9999.000 -9999.000 -9999.000 -9999.000 -9999.000 -9999.000 -9999.000 -9999.000 -9999.000 -9999.000 -9999.000 -9999.000 -9999.000 -9999.000 -9999.000 -9999.000 -9999.000 -9999.000 -9999.000 -9999.000 -9999.000 -9999.000 -9999.000 -9999.000 -9999.000 -9999.000 -9999.000 -9999.000 -9999.000 -9999.000 -9999.000 -9999.000 -9999.000 -9999.000 -9999.000
730.000 738.000 737.000 737.000 735.000 735.000 733.000 747.000 749.000 746.000 744.000 745.000 751.000 753.000 757.000 760.000 -9999.000 -9999.000 -9999.000 -9999.000 -9999.000 -9999.000 -9999.000 -9999.000 -9999.000 -9999.000 -9999.000 -9999.000 -9999.000 -9999.000 -9999.000 -9999.000 -9999.000 -9999.000 -9999.000 -9999.000 -9999.000 -9999.000 -9999.000 -9999.000 -9999.000 -9999.000 -9999.000 -9999.000 -9999.000 -9999.000 -9999.000 -9999.000 -9999.000 -9999.000 -9999.000 -9999.000 -9999.000 -9999.000 -9999.000 -9999.000 -9999.000 -9999.000 -9999.000 -9999.000 -9999.000 -9999.000
719.000 733.000 735.000 736.000 739.000 743.000 747.000 756.000 757.000 756.000 759.000 758.000 757.000 758.000 757.000 -9999.000 -9999.000 -9999.000 -9999.000 -9999.000 -9999.000 -9999.000 -9999.000 -9999.000 -9999.000 -9999.000 -9999.000 -9999.000 -9999.000 -9999.000 -9999.000 -9999.000 -9999.000 -9999.000 -9999.000 -9999.000 -9999.000 -9999.000 -9999.000 -9999.000 -9999.000 -9999.000 -9999.000 -9999.000 -9999.000 -9999.000 -9999.000 -9999.000 -9999.000 -9999.000 -9999.000 -9999.000 -9999.000 -9999.000 -9999.000 -9999.000 -9999.000 -9999.000 -9999.000 -9999.000 -9999.000 -9999.000
