test/input/morph/dem.asc
ncols                480
nrows                580
xllcorner      3451124.0
yllcorner      5321772.5
cellsize             100
NODATA_value       -9999
[rows 513 to 539 of 580, columns 124 to 185 of 480]
777.000 776.000 773.000 772.000 765.000 762.000 758.000 754.000 755.000 753.000 753.000 750.000 749.000 749.000 746.000 745.000 743.000 740.000 739.000 736.000 734.000 730.000 727.000 728.000 720.000 718.000 718.000 716.000 715.000 713.000 714.000 711.000 713.000 713.000 710.000 711.000 709.000 704.000 702.000 699.000 700.000 699.000 690.000 681.000 678.000 659.000 650.000 656.000 662.000 662.000 656.000 654.000 649.000 644.000 644.000 644.000 641.000 645.000 636.000 645.000 653.000 654.000
774.000 773.000 767.000 764.000 760.000 758.000 753.000 752.000 749.000 748.000 748.000 746.000 744.000 744.000 738.000 737.000 736.000 733.000 733.000 730.000 727.000 729.000 726.000 727.000 725.000 725.000 724.000 722.000 724.000 722.000 721.000 720.000 718.000 717.000 714.000 708.000 708.000 702.000 703.000 702.000 703.000 701.000 697.000 683.000 679.000 665.000 651.000 662.000 664.000 661.000 657.000 653.000 651.000 647.000 646.000 645.000 649.000 652.000 655.000 656.000 654.000 658.000
770.000 769.000 763.000 762.000 759.000 756.000 752.000 753.000 754.000 753.000 753.000 749.000 747.000 746.000 742.000 738.000 736.000 737.000 736.000 733.000 734.000 733.000 733.000 732.000 735.000 730.000 729.000 730.000 730.000 730.000 730.000 729.000 724.000 720.000 714.000 708.000 709.000 705.000 705.000 705.000 702.000 699.000 698.000 687.000 683.000 673.000 656.000 664.000 662.000 660.000 656.000 652.000 649.000 646.000 645.000 646.000 647.000 647.000 649.000 652.000 652.000 653.000
766.000 768.000 762.000 760.000 758.000 758.000 758.000 759.000 759.000 759.000 759.000 751.000 743.000 744.000 745.000 743.000 738.000 739.000 740.000 737.000 736.000 738.000 740.000 739.000 741.000 740.000 739.000 737.000 736.000 735.000 732.000 729.000 729.000 727.000 719.000 715.000 713.000 703.000 703.000 703.000 699.000 701.000 697.000 688.000 684.000 676.000 666.000 657.000 664.000 661.000 654.000 648.000 644.000 643.000 643.000 643.000 644.000 645.000 646.000 650.000 651.000 652.000
766.000 768.000 761.000 758.000 761.000 762.000 766.000 766.000 764.000 762.000 760.000 752.000 747.000 746.000 746.000 745.000 744.000 745.000 746.000 746.000 743.000 744.000 750.000 751.000 745.000 743.000 741.000 736.000 735.000 731.000 729.000 725.000 725.000 722.000 721.000 717.000 714.000 705.000 702.000 699.000 698.000 698.000 693.000 686.000 684.000 676.000 669.000 661.000 664.000 664.000 647.000 645.000 648.000 647.000 646.000 645.000 644.000 644.000 644.000 645.000 649.000 653.000
768.000 763.000 762.000 760.000 764.000 765.000 769.000 770.000 766.000 762.000 758.000 750.000 753.000 752.000 753.000 754.000 753.000 755.000 752.000 749.000 747.000 748.000 749.000 747.000 743.000 741.000 737.000 734.000 734.000 730.000 724.000 723.000 718.000 717.000 715.000 710.000 710.000 705.000 702.000 697.000 691.000 690.000 685.000 682.000 681.000 677.000 677.000 663.000 660.000 657.000 646.000 645.000 652.000 644.000 645.000 647.000 645.000 644.000 645.000 646.000 649.000 657.000
768.000 764.000 765.000 763.000 764.000 766.000 771.000 771.000 768.000 760.000 760.000 758.000 760.000 758.000 756.000 754.000 753.000 752.000 750.000 749.000 743.000 743.000 743.000 742.000 740.000 737.000 736.000 735.000 734.000 730.000 724.000 721.000 717.000 715.000 712.000 706.000 704.000 700.000 697.000 692.000 690.000 690.000 687.000 678.000 679.000 675.000 674.000 669.000 659.000 655.000 649.000 650.000 652.000 645.000 645.000 647.000 646.000 646.000 646.000 646.000 650.000 656.000
773.000 770.000 765.000 764.000 764.000 764.000 768.000 767.000 765.000 761.000 759.000 757.000 754.000 754.000 748.000 747.000 747.000 746.000 743.000 742.000 739.000 738.000 738.000 737.000 733.000 735.000 735.000 733.000 732.000 728.000 725.000 723.000 720.000 715.000 713.000 713.000 709.000 704.000 703.000 703.000 700.000 695.000 695.000 689.000 683.000 673.000 670.000 663.000 661.000 661.000 657.000 655.000 651.000 647.000 648.000 651.000 648.000 648.000 647.000 648.000 649.000 652.000
777.000 769.000 768.000 767.000 767.000 766.000 767.000 761.000 759.000 757.000 755.000 754.000 754.000 752.000 740.000 743.000 744.000 741.000 740.000 737.000 733.000 732.000 732.000 728.000 730.000 727.000 727.000 730.000 729.000 728.000 723.000 721.000 719.000 718.000 716.000 716.000 713.000 709.000 707.000 706.000 703.000 698.000 695.000 688.000 683.000 668.000 664.000 663.000 666.000 664.000 661.000 656.000 655.000 648.000 651.000 654.000 655.000 653.000 651.000 650.000 650.000 652.000
772.000 773.000 776.000 775.000 773.000 772.000 764.000 761.000 759.000 756.000 758.000 753.000 758.000 757.000 747.000 740.000 741.000 734.000 734.000 730.000 729.000 728.000 727.000 722.000 725.000 725.000 723.000 724.000 725.000 723.000 717.000 717.000 713.000 715.000 715.000 715.000 713.000 708.000 705.000 703.000 699.000 695.000 694.000 680.000 674.000 668.000 669.000 673.000 667.000 665.000 659.000 659.000 654.000 661.000 659.000 649.000 651.000 653.000 654.000 652.000 650.000 652.000
759.000 767.000 772.000 773.000 775.000 772.000 761.000 757.000 755.000 752.000 750.000 755.000 756.000 756.000 759.000 752.000 754.000 746.000 746.000 737.000 726.000 722.000 720.000 720.000 718.000 719.000 719.000 721.000 721.000 720.000 715.000 714.000 709.000 709.000 708.000 710.000 710.000 704.000 701.000 698.000 696.000 693.000 688.000 676.000 669.000 679.000 680.000 676.000 673.000 672.000 676.000 670.000 667.000 666.000 664.000 651.000 650.000 652.000 655.000 654.000 651.000 654.000
757.000 751.000 763.000 768.000 770.000 772.000 762.000 756.000 756.000 756.000 757.000 751.000 750.000 749.000 749.000 746.000 748.000 741.000 742.000 739.000 738.000 738.000 719.000 714.000 714.000 719.000 720.000 717.000 717.000 713.000 710.000 709.000 701.000 698.000 702.000 704.000 705.000 699.000 695.000 690.000 689.000 689.000 679.000 671.000 675.000 684.000 685.000 678.000 684.000 682.000 679.000 671.000 666.000 668.000 665.000 652.000 644.000 648.000 656.000 653.000 652.000 654.000
757.000 754.000 753.000 756.000 763.000 766.000 760.000 762.000 766.000 767.000 768.000 762.000 754.000 751.000 750.000 739.000 743.000 740.000 734.000 738.000 734.000 735.000 722.000 716.000 712.000 714.000 716.000 714.000 712.000 711.000 706.000 706.000 703.000 690.000 690.000 683.000 681.000 680.000 675.000 680.000 685.000 681.000 683.000 686.000 694.000 703.000 698.000 690.000 681.000 681.000 677.000 672.000 670.000 665.000 661.000 648.000 641.000 649.000 655.000 654.000 653.000 655.000
752.000 753.000 752.000 748.000 749.000 753.000 760.000 756.000 758.000 762.000 759.000 766.000 763.000 758.000 761.000 744.000 745.000 746.000 745.000 744.000 743.000 742.000 732.000 727.000 728.000 720.000 713.000 707.000 705.000 704.000 702.000 701.000 694.000 687.000 689.000 686.000 683.000 677.000 675.000 682.000 684.000 689.000 690.000 698.000 704.000 702.000 695.000 695.000 694.000 691.000 676.000 686.000 687.000 672.000 661.000 650.000 647.000 651.000 652.000 652.000 672.000 659.000
760.000 752.000 750.000 747.000 744.000 745.000 752.000 748.000 749.000 749.000 746.000 751.000 759.000 760.000 757.000 747.000 748.000 745.000 745.000 744.000 742.000 737.000 732.000 724.000 734.000 732.000 729.000 719.000 705.000 706.000 697.000 696.000 695.000 700.000 704.000 696.000 692.000 683.000 672.000 674.000 681.000 682.000 687.000 706.000 706.000 702.000 694.000 691.000 690.000 691.000 677.000 684.000 679.000 665.000 663.000 652.000 649.000 650.000 652.000 650.000 670.000 687.000
769.000 756.000 752.000 751.000 762.000 764.000 761.000 755.000 756.000 754.000 745.000 746.000 750.000 753.000 750.000 747.000 747.000 740.000 739.000 737.000 731.000 731.000 725.000 721.000 726.000 726.000 727.000 728.000 715.000 709.000 705.000 704.000 703.000 714.000 714.000 706.000 702.000 692.000 678.000 678.000 677.000 677.000 686.000 697.000 697.000 697.000 690.000 688.000 688.000 687.000 677.000 673.000 667.000 663.000 664.000 655.000 650.000 649.000 650.000 655.000 662.000 682.000
768.000 749.000 744.000 747.000 757.000 750.000 752.000 753.000 751.000 756.000 745.000 745.000 747.000 747.000 747.000 743.000 739.000 734.000 732.000 724.000 721.000 719.000 717.000 714.000 712.000 719.000 721.000 721.000 713.000 713.000 708.000 707.000 710.000 710.000 711.000 712.000 713.000 713.000 695.000 684.000 679.000 679.000 679.000 680.000 682.000 687.000 683.000 683.000 680.000 684.000 672.000 671.000 670.000 670.000 664.000 655.000 646.000 644.000 652.000 655.000 664.000 680.000
770.000 763.000 743.000 740.000 741.000 744.000 746.000 743.000 744.000 742.000 739.000 737.000 740.000 742.000 740.000 734.000 733.000 731.000 729.000 717.000 713.000 712.000 714.000 715.000 723.000 724.000 719.000 716.000 714.000 715.000 714.000 713.000 712.000 706.000 707.000 708.000 714.000 712.000 701.000 694.000 686.000 683.000 676.000 675.000 674.000 670.000 672.000 677.000 680.000 684.000 690.000 684.000 677.000 662.000 656.000 656.000 648.000 648.000 654.000 661.000 666.000 676.000
783.000 768.000 745.000 738.000 739.000 740.000 738.000 736.000 736.000 736.000 733.000 730.000 732.000 733.000 734.000 728.000 725.000 723.000 720.000 716.000 720.000 722.000 730.000 727.000 721.000 724.000 719.000 718.000 720.000 716.000 716.000 714.000 709.000 705.000 702.000 702.000 703.000 699.000 691.000 693.000 693.000 692.000 690.000 682.000 680.000 675.000 663.000 662.000 675.000 681.000 681.000 673.000 662.000 659.000 659.000 652.000 649.000 648.000 667.000 678.000 675.000 670.000
773.000 756.000 751.000 746.000 750.000 749.000 738.000 734.000 732.000 730.000 730.000 727.000 727.000 725.000 726.000 724.000 723.000 722.000 721.000 722.000 726.000 728.000 726.000 727.000 724.000 728.000 726.000 722.000 720.000 717.000 713.000 710.000 705.000 700.000 698.000 693.000 693.000 690.000 687.000 699.000 704.000 701.000 701.000 695.000 690.000 681.000 671.000 670.000 666.000 668.000 674.000 664.000 661.000 656.000 651.000 650.000 648.000 647.000 676.000 684.000 674.000 671.000
760.000 757.000 753.000 751.000 751.000 747.000 746.000 738.000 734.000 725.000 724.000 724.000 725.000 723.000 718.000 719.000 719.000 724.000 724.000 728.000 729.000 729.000 728.000 726.000 728.000 725.000 723.000 720.000 714.000 712.000 708.000 705.000 700.000 692.000 688.000 687.000 688.000 686.000 690.000 700.000 702.000 699.000 697.000 697.000 691.000 681.000 674.000 674.000 670.000 669.000 665.000 662.000 665.000 657.000 650.000 650.000 652.000 660.000 679.000 682.000 672.000 667.000
743.000 745.000 747.000 749.000 746.000 746.000 742.000 743.000 737.000 728.000 723.000 723.000 717.000 718.000 720.000 717.000 718.000 723.000 726.000 730.000 731.000 733.000 731.000 725.000 724.000 720.000 719.000 718.000 710.000 706.000 705.000 704.000 700.000 692.000 685.000 684.000 682.000 688.000 690.000 695.000 700.000 698.000 698.000 691.000 686.000 678.000 671.000 670.000 668.000 664.000 665.000 664.000 665.000 657.000 656.000 656.000 665.000 672.000 681.000 678.000 673.000 674.000
741.000 738.000 741.000 741.000 741.000 737.000 734.000 730.000 728.000 724.000 721.000 720.000 725.000 723.000 720.000 719.000 720.000 722.000 725.000 727.000 726.000 729.000 726.000 721.000 720.000 718.000 715.000 712.000 707.000 705.000 700.000 698.000 694.000 691.000 687.000 688.000 688.000 688.000 689.000 695.000 688.000 688.000 686.000 685.000 679.000 674.000 671.000 673.000 670.000 665.000 658.000 664.000 665.000 665.000 668.000 674.000 677.000 679.000 684.000 675.000 675.000 683.000
740.000 736.000 735.000 736.000 735.000 731.000 730.000 732.000 729.000 730.000 731.000 733.000 728.000 724.000 723.000 720.000 717.000 715.000 716.000 716.000 714.000 715.000 717.000 714.000 714.000 709.000 706.000 705.000 702.000 702.000 697.000 697.000 696.000 694.000 694.000 695.000 690.000 688.000 684.000 683.000 673.000 684.000 687.000 688.000 688.000 684.000 681.000 682.000 671.000 665.000 655.000 664.000 663.000 667.000 671.000 679.000 684.000 685.000 682.000 685.000 705.000 692.000
743.000 739.000 734.000 733.000 736.000 737.000 739.000 739.000 742.000 736.000 735.000 734.000 731.000 727.000 725.000 726.000 723.000 718.000 715.000 713.000 710.000 708.000 711.000 707.000 708.000 715.000 714.000 711.000 714.000 713.000 709.000 708.000 705.000 700.000 694.000 691.000 688.000 682.000 677.000 674.000 674.000 681.000 681.000 687.000 689.000 684.000 685.000 683.000 670.000 666.000 656.000 665.000 663.000 673.000 674.000 684.000 689.000 682.000 688.000 704.000 724.000 724.000
738.000 736.000 736.000 738.000 738.000 744.000 743.000 741.000 744.000 737.000 736.000 737.000 732.000 729.000 723.000 725.000 719.000 716.000 711.000 708.000 707.000 705.000 701.000 701.000 707.000 712.000 714.000 714.000 714.000 712.000 710.000 707.000 704.000 698.000 693.000 688.000 684.000 678.000 674.000 673.000 676.000 675.000 672.000 665.000 666.000 667.000 677.000 678.000 669.000 662.000 658.000 663.000 663.000 669.000 671.000 691.000 691.000 688.000 689.000 701.000 717.000 729.000
743.000 740.000 739.000 739.000 742.000 742.000 740.000 739.000 739.000 737.000 732.000 731.000 729.000 728.000 721.000 717.000 714.000 710.000 706.000 705.000 703.000 703.000 695.000 696.000 699.000 705.000 706.000 707.000 710.000 711.000 707.000 705.000 700.000 690.000 688.000 683.000 680.000 677.000 675.000 678.000 676.000 671.000 669.000 667.000 666.000 662.000 674.000 674.000 661.000 657.000 659.000 665.000 670.000 673.000 692.000 695.000 696.000 695.000 689.000 687.000 691.000 720.000
