test/input/morph/facc.asc
ncols                480
nrows                580
xllcorner      3451124.0
yllcorner      5321772.5
cellsize             100
NODATA_value       -9999
[rows 390 to 428 of 580, columns 264 to 351 of 480]
0 1 0 0 11 155 159 161 1 2 0 0 4 0 0 3 79 37 7 0 0 1 0 0 173 0 0 0 0 1 9 7 0 6 1 1 313 279 278 3 2 1 0 0 4 6 0 2 0 0 37 0 3 9 10 11 0 26 34 3161 4 2 1 97 90 62 1 0 0 49 42 41 9 8 7 6 5 4 3 2 0 0 0 2 0 0 2 3
0 1 0 48 140 0 0 0 0 0 0 34 54 60 0 0 73 28 11 0 1 0 0 0 158 12 4 2 0 0 7 3 1 3 0 0 18 13 0 272 3 1 0 1 4 0 0 1 29 33 1 1 3 0 0 9 24 0 6 3155 1 0 99 0 5 0 59 58 56 4 1 0 7 4 2 1 0 0 0 4 2 0 0 0 0 0 1 2
39 44 45 86 2 0 11 14 18 21 32 0 18 0 62 72 13 0 0 10 6 0 0 0 156 6 0 0 1 0 5 2 0 1 0 17 2 0 8 1 265 0 0 0 2 0 0 17 22 2 0 0 2 0 2 4 1 0 4 3152 111 109 8 5 3 4 3 1 0 0 1 0 0 0 0 0 1 1 5 0 2 1 0 0 0 0 1 2
0 0 85 0 1 10 1 2 1 8 0 8 8 0 8 3 2 5 0 1 1 0 0 154 0 0 2 1 0 2 1 0 0 0 0 16 1 0 5 0 0 264 0 0 0 0 15 0 2 0 0 0 0 0 2 0 0 1 2 3039 0 0 0 0 0 2 0 0 0 0 0 0 0 0 1 18 15 12 5 3 0 1 1 0 1 0 1 2
6 73 10 1 9 0 1 0 6 0 7 1 5 0 5 2 1 1 2 0 0 1 2 8 139 137 3 1 0 1 0 0 1 10 11 2 0 1 1 0 259 0 2 1 0 4 12 0 1 0 0 0 0 0 0 0 0 175 177 2857 1 0 1 0 0 0 0 1 0 1 4 1 0 3 19 0 1 0 0 0 3 0 3 2 0 0 0 1
65 9 0 2 3 0 0 5 0 6 0 2 1 2 1 1 0 0 0 0 0 1 4 2 0 131 0 0 0 0 0 0 6 0 0 0 0 0 0 257 0 2 1 0 0 1 4 0 0 0 19 21 22 1 0 171 174 0 0 125 2730 2 0 1 1 0 0 3 2 0 5 0 0 25 5 3 0 1 1 0 5 4 0 3 1 1 0 0
5 2 1 0 1 0 2 0 0 4 0 0 0 1 0 0 0 0 0 0 0 0 0 0 0 128 1 0 0 0 1 3 0 0 1 2 0 1 2 74 179 1 0 0 0 1 1 4 12 14 0 0 0 25 168 1 1 0 1 121 2726 2719 12 0 2 2 0 4 3 7 0 1 1 33 0 0 0 2 3 0 6 5 1 4 2 3 0 0
1 1 0 0 0 0 0 0 1 0 0 1 2 1 0 0 1 0 2 0 0 0 0 0 26 3 96 3 1 0 0 1 0 0 1 2 3 9 70 0 173 65 0 0 0 0 3 6 0 0 0 0 134 139 2 0 0 0 120 3 1 1 2703 7 6 0 1 9 0 9 2 2 34 2 1 1 0 7 1 0 13 2 0 5 7 0 1 1
0 0 0 0 0 2 0 0 0 0 0 0 5 1 0 3 0 7 2 0 0 1 6 9 15 2 91 1 0 0 1 0 3 1 0 0 4 55 3 0 104 61 1 2 0 0 1 5 0 0 2 127 2 0 0 0 0 0 118 2 0 0 3 2698 2690 2688 2673 2669 1 13 3 35 3 1 0 3 0 10 1 0 17 1 0 6 9 0 2 2
0 0 1 1 1 1 4 2 1 0 0 2 100 91 16 15 10 0 0 1 0 0 0 0 14 1 88 0 0 0 2 0 1 6 9 1 54 1 0 0 102 0 60 1 0 0 4 0 0 1 121 0 0 0 0 0 1 0 115 0 0 1 0 6 0 12 0 0 2655 2393 37 0 7 0 0 5 0 13 1 18 3 0 1 7 10 0 7 3
1 1 3 2 2 2 213 207 203 0 1 106 1 0 73 61 60 58 5 2 0 0 2 9 3 0 86 1 1 0 4 5 0 0 1 53 0 0 0 98 0 0 54 0 0 2 0 2 9 11 118 1 0 0 0 2 5 114 0 0 0 0 0 4 3 2 4 0 259 2 2333 8 0 0 1 8 0 16 19 4 0 0 2 19 0 0 13 2
2 2 9 3 3 230 12 0 0 197 194 0 0 0 1 8 3 0 50 2 1 0 4 0 2 1 83 5 2 0 0 0 7 1 36 0 1 3 97 0 0 2 52 2 0 1 1 3 0 1 4 98 0 0 7 8 65 28 11 2 0 0 3 2 1 0 3 254 3 1 0 2322 5 2 9 0 0 37 5 1 1 0 3 21 0 0 18 1
0 3 0 258 239 6 2 10 0 0 3 79 2 0 0 3 0 1 42 3 0 0 3 1 0 0 67 6 2 0 0 0 1 12 33 0 0 0 90 0 0 28 15 0 0 0 0 2 0 0 1 0 95 2 0 46 8 27 6 1 0 0 1 1 0 0 1 253 2 0 0 102 2211 12 1 1 0 44 2 2 1 4 22 1 0 0 23 0
0 274 268 1 0 2 0 0 9 0 1 67 6 2 1 1 0 0 39 1 1 0 1 0 0 1 65 0 2 0 1 0 1 17 1 0 1 44 87 0 3 23 0 13 2 0 0 0 0 0 1 64 29 1 0 45 7 26 13 3 2 0 0 0 0 1 250 1 0 0 0 100 0 2196 2148 2144 0 48 3 0 7 23 0 3 0 0 26 0
280 1 3 1 0 0 0 7 0 0 2 0 62 2 1 0 0 4 38 0 0 0 0 0 1 2 58 0 0 0 0 3 16 0 1 2 41 38 0 0 2 21 0 7 1 0 0 0 1 1 58 2 28 0 0 43 6 11 0 12 1 0 0 0 0 246 0 0 0 1 97 1 45 0 2 1 2137 55 1 8 24 0 5 1 0 0 28 2
1 0 1 0 0 2 5 0 0 1 0 52 4 3 0 0 3 1 21 7 1 0 0 3 5 14 41 0 0 0 3 5 11 0 0 37 8 21 6 0 1 17 2 4 1 0 0 2 3 51 3 1 26 0 0 40 5 7 1 3 5 0 0 1 227 15 0 0 6 88 5 0 43 0 1 0 7 2072 10 0 33 6 2 1 0 0 35 1
0 0 0 0 1 0 0 0 0 4 43 6 3 0 0 1 0 0 13 6 4 0 1 0 4 2 39 3 0 1 0 1 4 0 35 6 0 20 2 1 0 14 1 1 3 0 0 1 9 34 2 0 25 28 38 0 4 6 0 2 2 0 2 222 0 0 13 4 5 74 3 0 42 0 0 0 5 1 2058 2034 1992 1991 2 1 0 1 36 0
0 1 0 0 4 5 0 0 2 22 14 0 5 2 0 0 0 12 3 1 1 0 0 3 0 0 17 16 0 0 0 0 0 24 8 5 3 15 0 0 0 13 0 0 2 0 1 4 1 33 1 24 1 25 6 1 3 3 1 1 1 0 217 0 0 10 1 3 4 72 0 2 35 4 0 4 0 11 2 7 6 3 1984 1940 1802 1800 1797 1759
0 0 3 1 0 0 8 0 21 3 8 2 0 4 0 0 6 3 1 0 0 0 2 0 4 16 13 0 0 0 4 5 6 16 7 4 0 1 14 1 0 12 0 0 0 0 1 0 30 1 0 23 0 24 5 0 2 2 0 0 0 203 8 3 7 0 0 2 3 62 8 1 32 1 2 3 4 5 1 6 1 2 42 4 129 123 119 116
4 0 0 5 0 0 3 20 3 2 2 1 0 1 1 1 2 1 0 0 0 1 0 2 10 1 11 0 0 2 0 7 14 0 2 3 3 0 7 3 0 8 1 0 0 2 4 24 4 0 14 7 13 9 2 1 1 0 0 0 1 200 7 2 6 0 1 2 0 60 7 0 31 0 1 2 3 4 0 5 0 1 41 3 4 2 1 24
0 5 1 0 7 0 0 1 2 1 0 0 0 0 0 0 0 0 0 1 3 5 0 9 0 5 1 0 0 0 5 1 1 1 1 2 0 1 6 0 0 4 2 0 0 0 2 15 3 0 12 6 12 0 7 1 0 0 0 1 196 2 6 1 3 0 0 1 43 15 3 2 26 3 0 1 2 3 0 3 0 37 2 2 3 1 0 23
0 3 10 14 8 1 0 0 0 0 0 0 0 0 0 0 0 0 0 0 0 0 8 0 3 0 0 0 1 2 0 0 0 0 0 0 0 0 3 1 0 0 2 0 0 1 10 3 2 3 7 5 9 1 4 1 0 0 1 2 193 1 5 0 1 0 0 42 0 13 2 1 21 3 2 0 1 2 0 1 18 17 1 1 2 0 3 18
0 0 1 0 26 0 0 0 0 0 0 2 3 1 0 2 1 0 0 0 0 0 0 0 0 0 0 0 0 0 0 0 1 0 0 0 0 1 0 2 1 0 0 0 1 6 2 2 1 2 6 4 8 0 2 0 0 0 1 33 155 0 2 1 0 0 37 0 2 12 1 0 2 17 2 1 0 1 0 14 2 16 0 0 1 2 13 3
6 7 8 19 49 0 2 0 1 1 11 6 0 0 1 0 5 1 1 1 4 1 0 0 0 1 0 1 3 1 16 4 0 0 0 3 2 1 0 3 2 1 0 0 0 2 1 1 0 1 5 3 5 1 0 0 0 1 30 0 153 0 1 0 0 13 2 18 1 8 2 0 1 9 6 1 0 0 3 9 1 14 0 0 1 7 4 2
3 5 7 0 1 55 3 1 4 12 1 0 0 0 4 0 0 6 6 5 2 0 0 0 1 1 3 0 0 5 0 17 0 0 2 4 6 0 6 1 0 1 0 0 0 0 0 0 0 0 3 2 3 0 0 0 1 22 4 1 146 2 1 0 0 10 1 14 2 0 7 1 0 7 0 5 0 2 0 7 0 4 8 0 6 1 1 1
0 0 0 0 1 0 56 6 23 4 1 0 0 0 1 6 0 27 11 4 0 0 0 2 1 4 6 0 1 0 0 1 19 1 16 7 0 7 0 0 2 2 1 0 0 0 0 0 0 0 1 1 1 0 0 5 19 1 1 0 143 1 0 0 7 1 0 11 1 1 4 1 0 5 0 2 1 1 2 3 3 1 7 5 0 0 0 21
2 0 0 2 0 0 59 31 7 6 5 3 0 0 3 7 29 0 1 0 0 0 0 0 4 0 12 1 3 0 0 0 23 19 0 0 9 2 0 4 4 0 1 0 1 0 2 4 1 0 0 0 0 1 3 1 10 0 0 0 1 139 5 3 5 0 0 2 7 0 0 3 0 0 3 1 0 0 1 2 2 0 4 1 2 0 4 15
0 3 1 0 4 0 0 92 9 0 0 0 0 0 14 0 31 2 0 1 1 1 0 0 0 5 14 10 2 0 1 0 1 49 1 0 13 0 0 10 0 2 0 3 0 1 8 2 1 0 0 0 0 0 0 6 1 0 0 0 1 132 4 0 2 4 3 0 0 6 1 0 2 1 1 0 0 0 0 0 1 0 2 0 1 2 0 13
7 13 2 0 1 5 1 121 0 1 0 0 0 0 0 16 35 1 0 2 4 1 0 0 1 37 29 0 0 0 0 2 0 0 51 17 1 0 1 12 3 6 4 0 1 2 14 1 0 0 2 0 0 2 5 0 0 0 2 0 19 102 1 3 2 1 0 2 1 0 3 2 1 0 0 0 0 0 0 0 0 0 0 0 1 2 8 3
0 14 0 4 3 6 125 0 15 12 11 4 0 0 1 20 36 2 10 5 0 0 3 1 41 0 0 0 0 0 1 5 0 0 265 194 192 190 184 183 7 0 1 0 21 15 1 0 0 4 3 0 0 0 0 0 1 3 4 18 0 2 97 0 0 1 0 2 1 0 3 2 1 0 0 0 1 4 0 5 1 0 0 0 1 1 2 2
15 0 0 0 10 160 15 14 13 1 0 3 0 0 2 29 67 0 14 0 1 1 4 47 2 0 0 0 0 1 285 281 271 268 0 0 0 0 0 0 156 155 1 60 37 36 33 29 11 5 0 0 0 0 0 0 5 7 9 -9999 -9999 1 0 96 92 89 88 82 81 6 1 0 2 1 0 0 0 0 5 10 3 2 0 0 0 1 0 0
18 0 0 1 0 163 1 0 7 2 0 0 1 0 3 0 0 68 85 1 2 60 52 3 0 0 0 1 1 292 1 0 0 0 0 3 2 1 0 1 0 149 71 9 8 7 0 1 15 7 6 1 0 0 1 3 0 0 -9999 -9999 -9999 -9999 -9999 0 0 1 0 1 0 73 70 69 68 3 1 1 0 1 18 0 -9999 -9999 -9999 -9999 0 0 1 2
0 0 1 2 174 172 3 1 5 0 1 0 0 0 0 0 2 0 1 91 65 3 0 0 0 0 0 3 298 2 0 0 0 0 40 35 34 5 4 1 0 70 5 4 3 1 6 0 0 6 0 3 2 -9999 -9999 -9999 -9999 -9999 -9999 -9999 -9999 -9999 -9999 -9999 -9999 -9999 -9999 -9999 -9999 -9999 1 0 1 58 50 1 0 21 1 0 -9999 -9999 -9999 -9999 -9999 0 1 2
0 2 199 190 1 1 1 0 0 4 1 0 0 0 1 2 0 3 0 162 1 0 0 0 0 1 1 434 1 0 1 0 110 108 64 0 3 23 4 2 0 1 67 1 0 0 0 4 2 1 2 0 -9999 -9999 -9999 -9999 -9999 -9999 -9999 -9999 -9999 -9999 -9999 -9999 -9999 -9999 -9999 -9999 -9999 -9999 -9999 -9999 0 0 5 45 33 7 4 0 -9999 -9999 -9999 -9999 -9999 -9999 -9999 -9999
225 218 1 2 12 0 0 0 0 0 0 0 0 1 2 0 4 6 175 1 0 0 0 0 1 450 446 6 128 127 125 124 4 0 61 0 0 1 17 0 0 0 62 1 0 0 7 4 0 1 0 0 -9999 -9999 -9999 -9999 -9999 -9999 -9999 -9999 -9999 -9999 -9999 -9999 -9999 -9999 -9999 -9999 -9999 -9999 -9999 -9999 -9999 0 3 0 8 2 0 2 -9999 -9999 -9999 -9999 -9999 -9999 -9999 -9999
1 15 0 0 0 11 6 5 2 0 0 0 3 0 1 3 4 5 184 1 0 0 0 1 457 0 0 0 5 1 0 0 6 3 1 58 3 1 0 16 2 1 33 27 13 11 2 1 3 1 0 -9999 -9999 -9999 -9999 -9999 -9999 -9999 -9999 -9999 -9999 -9999 -9999 -9999 -9999 -9999 -9999 -9999 -9999 -9999 -9999 -9999 -9999 0 1 0 0 5 0 1 -9999 -9999 -9999 -9999 -9999 -9999 -9999 -9999
0 3 10 0 4 0 3 0 0 0 0 1 6 0 0 2 0 0 1 187 0 1 1 0 466 7 4 1 1 0 0 1 3 2 0 1 51 0 0 1 10 2 0 32 12 11 2 1 0 0 0 -9999 -9999 -9999 -9999 -9999 -9999 -9999 -9999 -9999 -9999 -9999 -9999 -9999 -9999 -9999 -9999 -9999 -9999 -9999 -9999 -9999 -9999 0 0 1 2 0 0 0 -9999 -9999 -9999 -9999 -9999 -9999 -9999 -9999
0 0 0 8 1 2 0 0 0 0 0 1 2 10 1 1 4 0 0 2 189 479 474 472 4 1 1 1 0 0 0 0 2 0 0 0 6 43 22 0 6 0 1 28 2 1 7 1 0 -9999 -9999 -9999 -9999 -9999 -9999 -9999 -9999 -9999 -9999 -9999 -9999 -9999 -9999 -9999 -9999 -9999 -9999 -9999 -9999 -9999 -9999 -9999 -9999 -9999 -9999 -9999 -9999 -9999 -9999 -9999 -9999 -9999 -9999 -9999 -9999 -9999 -9999 -9999
4 3 0 0 0 0 0 0 0 1 2 0 0 0 12 17 23 0 1 6 738 67 5 1 0 1 0 0 0 1 2 1 0 0 0 0 4 18 0 21 1 2 0 19 7 6 0 6 0 -9999 -9999 -9999 -9999 -9999 -9999 -9999 -9999 -9999 -9999 -9999 -9999 -9999 -9999 -9999 -9999 -9999 -9999 -9999 -9999 -9999 -9999 -9999 -9999 -9999 -9999 -9999 -9999 -9999 -9999 -9999 -9999 -9999 -9999 -9999 -9999 -9999 -9999 -9999
