test/input/morph/facc.asc
ncols                480
nrows                580
xllcorner      3451124.0
yllcorner      5321772.5
cellsize             100
NODATA_value       -9999
[rows 351 to 389 of 580, columns 176 to 263 of 480]
0 0 2 6 1 0 1 2 0 0 1 3 0 2 1 2 37 38 49232 1 0 1 0 0 0 0 1 15 0 0 1 27 17 8 0 5 0 2 2 8 3 0 105 0 0 3 0 3 10432 0 2 0 0 2 6 2 0 7374 18 17 0 0 1 0 8 4 3 2 1 0 2 1 1 0 0 2 0 4 0 0 0 3 3 2 0 0 2 0
791 799 7 0 0 0 0 0 4 6 0 0 5 6 32 33 0 6 49229 2 1 0 0 0 1 2 4 7 0 0 1 6 6 0 7 4 1 0 0 0 0 0 0 103 1 0 1 1 10430 10425 10394 10392 10386 10383 10377 7399 7394 14 12 0 15 14 11 0 4 3 1 0 0 3 8 5 2 0 0 0 0 0 1 0 1 0 2 0 0 0 0 0
1 1 811 2 1 0 0 1 2 0 8 17 19 21 1 3 4 2 49215 2 1 0 0 0 0 0 0 2 1 0 0 4 0 4 6 2 0 0 0 0 0 56 101 0 0 0 0 0 0 26 0 3 0 1 2969 0 2 0 1 8 5 0 0 10 3 0 0 0 5 9 0 0 0 1 0 0 0 0 0 0 0 0 0 0 0 1 2 3
0 0 3 822 1 0 1 0 1 5 6 0 0 0 0 0 1 0 1153 48057 0 1 1 0 0 1 2 0 0 0 1 1 3 1 3 0 0 0 0 26 54 1 39 3 0 0 0 0 0 25 0 1 0 0 2968 0 0 0 0 0 0 4 2 0 0 0 0 1 6 13 1 1 0 2 1 1 2 1 0 2 0 0 0 0 0 0 0 0
1 2 0 134 964 2 0 0 0 0 0 0 0 0 0 0 1 1135 15 48055 5 2 1 0 0 9 2 1 0 0 0 2 0 2 0 0 1 0 22 26 0 1 36 0 1 0 2 12 13 9 0 0 1 3 2965 0 0 0 0 2 1 0 0 1 0 0 0 3 7 14 2 1 0 3 2 2 5 1 0 3 1 1 2 1 0 1 1 1
1 131 133 1 4 966 1 0 0 1 2 0 1 2 0 1124 1132 1 12 48044 3 2 1 1 10 1 0 1 0 0 0 0 1 0 7 11 12 19 24 0 0 2 31 0 0 1 5 0 4 1 0 0 0 0 0 2957 2869 6 3 0 0 0 0 0 0 1 1 0 12 15 3 3 0 4 6 0 6 2 1 6 0 2 5 0 1 2 2 3
128 0 0 1 6 1042 1046 0 1 0 1085 1090 1099 1116 1121 2 3 0 11 1 48041 17 14 11 2 1 0 0 0 1 0 0 0 5 1 1 3 3 18 0 1 2 8 18 0 0 1 3 0 0 0 0 0 0 1 86 1 2858 3 1 0 1 0 2 1 2 2 1 13 16 4 6 0 5 8 0 7 5 0 7 1 9 1 0 2 3 3 6
0 0 0 5 60 1 3 1063 1072 1078 2 5 8 3 3 1 2 5 4 0 2 48019 48015 3 5 2 1 1 0 7 2 0 2 0 0 0 0 2 17 0 1 2 1 14 2 0 1 0 0 0 1 1 77 78 82 0 0 0 2852 1 0 2 1 3 0 9 3 2 14 17 5 8 0 6 9 1 14 0 1 10 0 10 2 1 3 8 7 0
0 0 4 59 0 0 1 10 5 4 1 4 7 2 2 0 1 4 3 1 0 1 47980 29 22 21 20 12 10 1 0 0 1 0 0 0 1 6 9 0 1 0 0 12 1 0 0 1 34 37 42 74 0 0 1 0 1 2 123 2725 66 64 60 57 52 40 39 35 18 6 9 0 0 7 12 0 16 0 2 12 0 11 3 2 13 8 1 2
1 1 53 3 0 0 0 8 4 3 0 3 6 1 1 0 1 1 2 0 0 2 0 47975 3 2 1 4 2 0 0 0 0 0 0 2 5 5 2 0 0 1 11 0 0 1 28 31 0 3 0 25 0 0 0 0 0 118 0 6 2650 2346 2345 2344 2343 2342 2341 2338 0 2332 2296 2295 2289 2288 2263 2262 2148 3 0 13 13 0 7 14 9 0 5 2
46 52 2 0 1 1 5 1 3 2 2 2 2 0 0 0 0 0 0 0 1 0 1 47970 2 1 0 0 0 0 1 0 1 1 0 1 4 1 1 3 5 7 0 0 23 25 0 0 0 0 0 20 0 0 0 5 114 1 0 5 3 298 3 2 1 0 0 0 2337 2 17 15 2 1 2 111 2 2122 2113 29 0 1 34 10 1 6 3 0
3 1 0 0 0 0 2 0 2 1 1 1 0 0 0 0 0 0 0 0 0 0 0 47964 5 1 0 0 0 0 2 0 3 0 2 3 0 0 0 0 0 0 3 20 0 0 0 1 2 3 16 1 0 0 2 104 1 0 2 0 2 0 292 10 9 8 6 2 0 1 0 6 7 0 1 110 1 1 4 2082 2072 2068 2016 2010 7 4 0 7
0 0 0 0 0 0 0 0 0 0 0 0 0 0 0 2 0 1 2 0 1 4 0 47956 0 2 0 0 3 0 3 1 4 1 0 0 0 0 0 0 0 1 14 0 0 1 2 5 7 10 0 0 0 1 103 0 0 0 0 0 0 0 153 126 119 0 2 1 1 0 1 3 5 0 0 109 0 0 3 8 2 7 5 4 1999 1993 0 8
0 0 1 0 1 0 0 0 0 0 0 0 0 1 1 1 3 3 3 1 0 5 47954 4 3 1 0 0 6 0 4 2 7 1 0 1 0 1 3 8 10 12 0 0 0 0 1 0 0 0 0 0 85 86 11 0 0 0 0 0 1 145 5 0 5 118 117 111 0 0 0 1 0 4 1 107 0 2 7 0 0 6 4 3 4 3 1981 1976
243 3 1 2 0 1 0 2 1 1 0 2 0 1 2 2 6 4 47912 47921 47925 47929 11 5 1 0 0 1 7 1 8 0 10 0 1 2 0 2 0 0 0 0 0 1 4 0 1 0 49 52 54 84 0 2 7 0 2 4 6 1 124 142 14 3 2 1 3 0 110 2 0 0 0 0 0 106 0 0 0 6 0 4 3 2 3 2 3 1
0 245 255 0 0 1 2 6 2 0 0 4 0 1 5 0 10 47907 1 5 1 2 4 1 0 0 0 0 12 0 10 11 1 0 5 0 0 3 0 0 2 3 0 0 0 5 42 47 0 0 0 26 0 5 0 0 0 0 1 119 1 1 13 2 1 0 1 0 106 54 0 5 4 0 1 1 100 1 0 2 2 3 2 1 2 1 2 0
0 0 2 260 375 0 3 14 3 1 0 6 0 1 10 12 47888 3 0 4 0 1 2 0 0 0 0 2 15 0 0 11 15 6 0 0 2 5 0 0 0 1 7 8 11 35 0 0 0 0 25 0 3 0 0 0 0 2 107 1 0 0 12 0 0 0 0 0 48 0 53 45 1 0 0 0 2 94 0 1 1 2 1 0 1 0 1 1
0 0 0 112 0 378 381 384 699 705 706 720 721 723 724 47870 1 1 0 2 0 0 0 0 0 0 3 19 1 0 0 13 16 8 0 4 0 12 0 0 0 1 8 12 34 0 0 1 12 24 1 0 0 0 0 2 4 101 1 0 0 0 8 2 0 0 1 42 3 0 0 4 39 0 0 0 0 92 0 0 0 0 0 0 0 0 0 0
2 0 0 109 0 1 1 291 2 2 1 2 0 1 47142 1 0 0 0 0 0 0 0 0 1 0 0 26 0 0 1 14 17 47 36 34 14 0 3 1 1 5 2 2 2 1 0 9 1 4 0 0 3 4 1 2 3 95 23 0 0 0 6 0 0 0 39 19 1 0 0 1 0 38 2 0 0 89 0 0 0 0 0 0 0 0 1 2
11 102 107 0 0 0 289 0 1 1 0 1 0 1 47137 1 0 0 0 0 0 0 1 2 3 1 0 0 28 1 2 89 73 5 2 0 12 1 0 0 0 2 1 1 1 0 4 2 0 0 2 0 0 0 7 58 61 2 1 21 0 0 1 0 0 17 7 1 18 0 0 0 2 19 14 0 0 1 84 5 3 1 1 1 0 0 1 5
86 1 3 0 0 1 286 1 0 0 0 2 8 9 47132 0 1 1 0 0 1 2 2 3 6 1 0 30 3 0 95 1 0 0 0 1 0 9 1 0 0 0 0 0 0 0 2 0 0 0 0 0 0 0 46 2 1 1 0 6 11 6 0 0 2 4 3 0 0 17 0 0 12 2 4 7 0 0 20 55 22 21 3 0 2 0 0 0
2 0 0 0 0 280 1 0 0 0 1 4 4 5 10 47109 5 2 1 1 2 19 15 7 151 33 31 109 102 100 3 0 0 0 0 0 4 3 6 3 1 0 0 0 0 0 0 0 0 2 0 0 31 43 1 1 0 0 0 4 1 1 4 1 1 0 2 2 2 15 1 5 5 1 3 4 0 0 16 1 31 0 14 7 2 0 0 2
0 0 0 0 0 273 3 0 0 2 3 3 1 3 2 36 47065 47059 47053 182 179 155 154 153 0 114 113 1 1 0 0 0 0 1 17 15 4 2 0 0 0 0 1 1 0 1 0 0 2 11 16 17 9 0 9 0 0 0 1 1 0 0 0 0 0 0 1 1 1 9 0 4 4 0 2 2 0 0 14 0 28 0 2 2 0 0 0 8
0 0 0 1 271 1 0 2 0 0 2 0 0 1 0 31 4 4 2 46864 46861 46856 5 4 3 2 0 0 0 0 0 0 1 21 0 2 0 3 1 0 0 0 1 11 3 0 0 1 6 0 0 7 0 0 8 1 0 0 1 0 0 0 0 0 0 0 0 0 0 1 6 3 0 2 1 0 0 0 12 18 6 1 1 0 0 2 7 0
0 0 3 261 3 0 0 0 0 0 0 1 0 9 24 5 3 3 1 1 3 4 46844 46841 1 0 0 0 0 0 0 31 26 3 0 0 0 0 1 0 0 3 4 18 0 0 0 2 0 0 5 0 0 0 3 0 0 0 2 0 1 1 2 19 17 15 1 0 0 0 4 0 2 1 0 0 4 11 16 0 3 1 0 0 1 0 3 0
244 251 254 1 0 0 0 0 0 0 1 4 8 13 3 0 2 2 0 0 2 3 1 46838 2 1 0 2 0 58 56 0 10 1 0 0 0 0 1 0 0 0 0 19 0 0 1 1 0 0 0 0 0 0 0 0 0 1 4 1 2 30 24 3 2 0 12 9 1 0 1 1 1 0 0 2 5 2 2 9 1 0 0 0 0 0 0 0
2 1 0 0 0 0 2 1 0 0 1 0 0 11 0 1 1 1 0 1 2 0 0 46834 74 73 72 67 66 1 0 20 3 9 7 6 0 0 0 3 1 1 1 0 20 2 4 0 0 0 0 0 1 0 0 1 0 3 67 61 53 14 13 1 0 0 0 0 5 2 0 0 0 0 0 1 2 1 1 7 0 0 0 0 1 1 0 29
1 0 0 1 0 0 6 1 0 0 0 1 3 10 0 0 0 0 0 1 0 1 2 46757 2 1 0 0 1 1 0 3 0 2 0 1 0 1 0 5 0 2 4 6 21 3 5 2 0 4 1 0 0 2 5 2 1 73 0 1 0 6 4 10 7 4 3 0 0 0 0 0 0 0 0 0 0 0 0 0 5 0 2 3 5 9 27 0
0 0 1 2 8 0 8 14 1 0 0 0 2 0 0 0 0 0 0 0 0 1 2 46750 14 1 0 0 0 0 0 1 0 0 0 0 0 0 2 7 0 1 3 0 8 35 10 0 7 0 0 0 1 1 2 9 76 15 14 1 0 0 0 2 1 1 0 0 0 0 0 1 2 0 0 0 0 0 0 0 2 0 0 0 0 0 13 0
0 0 0 1 0 11 12 14 30 1 1 0 0 0 0 1 1 0 1 3 1 2 3 46731 1 11 9 7 3 2 1 0 0 0 0 0 0 1 1 3 9 6 0 0 1 38 11 8 1 0 0 1 3 0 0 13 96 2 0 11 5 3 1 0 0 0 0 0 1 2 0 5 1 0 2 1 0 2 0 0 0 0 0 3 0 0 11 2
25 2 0 0 0 0 0 0 0 33 4 0 0 0 0 3 2 0 32 34 40 41 42 46724 4 0 0 0 1 0 0 0 0 0 3 0 0 3 0 7 0 19 0 0 0 1 53 11 0 0 1 0 7 11 13 116 4 1 0 2 1 0 0 0 0 0 0 0 3 4 0 6 2 1 5 1 0 4 1 0 0 1 0 0 5 10 1 0
0 30 1 1 1 2 0 0 0 41 1 0 1 3 13 22 27 29 0 0 0 1 2 46675 0 3 2 0 0 0 2 0 1 1 4 1 1 4 0 0 9 10 32 1 0 0 0 54 13 1 2 0 1 0 132 0 0 0 0 0 0 0 0 0 1 1 1 0 5 5 8 0 3 8 2 1 0 5 3 1 2 0 0 0 0 2 0 0
0 1 33 38 2 3 1 1 0 47 1 0 0 4 1 3 0 0 0 0 0 0 0 46670 0 0 0 0 31 29 23 19 2 2 5 2 5 5 1 0 0 0 1 38 0 0 2 55 0 21 0 0 0 0 136 0 0 0 0 0 0 0 1 1 2 2 2 1 6 6 10 0 13 0 5 0 1 10 0 2 6 1 0 0 0 0 0 0
3 4 0 0 39 7 2 2 0 49 0 0 1 1 0 1 0 0 0 1 1 1 46665 1 0 1 2 32 0 0 3 0 14 12 0 1 9 6 2 0 3 0 1 39 0 3 0 59 0 0 22 1 0 2 137 0 2 0 1 2 0 1 2 2 3 3 3 2 29 21 13 0 106 10 2 0 55 52 0 13 2 1 2 0 2 3 0 15
43 44 50 52 1 55 3 0 1 54 3 1 0 0 0 0 0 0 1 1 2 5 46661 0 0 2 38 1 1 0 0 0 0 1 0 0 0 17 0 3 0 4 2 0 40 0 4 61 2 0 0 26 0 1 143 10 8 4 2 3 1 2 3 3 4 176 171 160 129 128 125 123 0 80 68 58 1 0 38 15 6 5 1 0 0 1 8 12
0 1 2 0 56 56 0 1 2 57 1 0 0 0 0 0 0 1 1 2 2 46657 1 0 67 64 21 5 2 0 0 0 0 0 0 0 0 2 18 1 4 37 0 0 42 0 1 69 76 0 0 0 27 0 551 395 394 393 392 381 373 3 349 339 338 1 0 2 0 0 0 0 14 0 9 8 7 2 4 2 7 4 2 0 0 0 0 2
86 88 91 95 153 238 241 248 0 59 0 1 1 1 0 0 1 1 2 2 46650 0 0 0 70 0 0 13 10 0 2 2 0 0 1 0 1 0 3 19 22 0 40 1 44 0 0 1 0 77 1 1 29 559 5 4 3 0 4 4 2 366 0 0 153 80 79 0 0 0 4 3 0 13 11 8 1 3 1 3 1 1 0 0 0 0 1 0
0 1 1 2 26 3 0 0 250 60 11 6 5 0 0 1 3 8 577 587 46054 0 0 0 72 0 4 1 1 8 7 0 0 1 2 0 1 3 0 4 0 0 0 88 2 0 0 0 0 1 80 2 679 2 1 0 0 0 3 3 1 10 3 0 66 4 3 77 33 31 25 22 1 0 0 10 5 0 2 0 2 0 0 0 1 0 0 1
0 0 0 9 8 1 0 0 252 74 0 1 0 0 0 1 558 567 0 1 2 46049 85 83 8 7 1 1 0 0 0 0 0 6 0 0 1 4 5 0 5 1 1 95 0 0 1 1 0 3 768 682 0 84 1 0 0 0 2 2 0 9 0 0 63 1 0 2 42 25 0 1 21 17 1 0 9 4 1 1 0 0 0 0 4 2 0 0
