test/input/morph/facc.asc
ncols                480
nrows                580
xllcorner      3451124.0
yllcorner      5321772.5
cellsize             100
NODATA_value       -9999
[rows 156 to 194 of 580, columns 176 to 263 of 480]
3 2 2 1 2 0 1 4 0 0 1 2 1 2 3 489 0 9 1 0 0 0 0 0 1 25 26 0 0 1 53 1 0 2 3 119 0 1 699 708 0 0 0 104403 1 0 6 5 0 0 0 0 0 1 2 0 1 2 0 2 15 3 3 5 0 2 2 1 1 0 0 0 0 0 2 0 1 4 81 498 0 0 1 2 0 0 0 1
2 1 1 0 1 0 4 12 0 0 0 2 3 0 483 2 0 6 1 0 0 0 0 0 11 8 11 39 41 49 0 0 0 0 1 2 123 688 6 0 1 2 28 21 104349 7 2 1 0 2 0 0 1 4 0 0 1 2 6 10 1 0 2 3 0 1 1 0 0 0 0 0 2 0 4 0 0 1 80 495 2 0 0 0 0 0 1 43
0 0 0 0 0 0 1 13 0 0 1 1 3 8 468 3 1 1 1 0 0 1 4 9 7 1 0 1 5 0 0 0 0 0 0 1 562 4 0 0 0 1 22 20 104340 3 0 1 3 6 2 0 0 5 0 1 2 0 1 0 0 1 0 0 0 0 0 0 0 0 2 4 9 0 0 5 1 76 79 491 0 0 0 0 0 0 90 43
0 0 0 1 3 9 14 16 31 1 1 2 2 463 2 3 2 0 0 0 0 2 3 5 0 0 0 1 0 0 0 1 1 1 3 552 6 1 1 0 1 5 19 19 104335 18 16 13 8 0 1 0 1 6 1 0 0 3 0 0 0 0 0 0 0 0 0 0 2 0 0 0 0 10 13 66 70 2 1 489 0 1 474 472 103 101 8 7
2 1 0 0 2 0 1 0 1 35 39 42 48 456 3 1 2 1 0 0 0 1 2 4 0 0 0 1 0 0 1 1 2 2 546 0 5 0 0 1 2 11 12 18 3 104311 3 2 1 0 0 0 0 2 7 3 0 2 7 3 0 0 0 2 0 1 1 2 3 1 0 1 3 26 34 10 2 1 0 4 482 480 0 0 365 335 334 333
9 0 1 0 0 0 0 0 0 0 0 1 396 2 2 2 0 1 0 1 0 0 0 0 0 0 1 2 0 1 1 2 520 523 17 0 3 0 0 1 10 2 9 17 2 104306 2 1 0 1 1 0 0 1 3 12 0 0 0 13 1 1 0 1 3 1 6 3 0 4 2 10 20 5 0 9 1 0 0 2 0 0 0 0 21 5 0 330
0 13 0 3 1 0 0 0 0 0 0 1 395 2 1 1 1 0 0 0 3 0 1 1 1 1 3 3 1 0 4 514 3 1 0 15 1 0 0 7 1 5 0 6 1 104302 4 3 2 2 0 2 0 0 6 0 13 2 0 0 14 4 1 0 6 0 0 11 0 6 5 2 5 3 0 1 6 0 0 0 0 0 15 20 1 0 0 23
9 16 4 0 0 0 1 0 1 1 3 383 5 1 1 0 0 0 0 2 4 0 3 0 2 98 102 111 0 4 495 3 1 2 0 13 0 0 6 0 1 2 2 1 0 104290 5 4 3 1 0 4 0 1 0 8 0 14 3 1 1 20 3 0 0 7 2 12 9 0 4 0 0 4 2 0 4 0 0 0 0 13 2 0 0 0 0 22
0 11 35 1 1 0 3 0 1 2 0 377 1 0 0 0 0 0 1 3 12 0 2 7 92 0 1 2 115 486 2 1 0 0 1 0 11 2 5 0 1 1 0 0 1 2 104286 3 2 1 7 1 0 2 1 0 11 15 0 6 0 23 4 1 1 11 38 37 8 5 0 3 0 2 0 1 1 1 0 4 7 2 0 0 0 11 15 5
0 0 0 39 40 43 5 0 1 365 372 1 1 0 0 3 0 2 0 1 2 16 0 79 2 0 0 1 366 2 1 1 0 0 1 7 2 1 1 0 0 0 1 2 3 4 104281 15 14 11 2 0 0 2 5 0 12 0 17 0 7 1 29 67 64 59 0 4 1 0 2 0 0 0 0 0 0 0 0 0 0 0 0 0 0 8 1 4
1 0 0 0 0 1 46 6 352 4 2 2 0 0 1 0 5 4 0 0 0 1 78 0 0 0 0 22 361 1 0 0 0 0 0 3 1 0 0 0 1 0 1 2 3 4 104259 3 2 1 0 0 0 1 3 7 13 0 2 19 0 10 101 0 1 4 1 0 2 0 0 0 0 0 0 0 0 0 0 0 0 0 0 1 3 2 0 3
133 1 0 2 0 0 1 350 1 0 2 1 1 0 0 0 1 13 1 1 0 54 1 0 0 1 20 2 1 332 0 0 0 0 0 0 0 0 0 0 1 4 9 10 11 12 104249 3 2 1 0 0 0 1 2 12 14 0 0 3 21 117 1 1 0 1 1 0 0 0 0 0 0 2 2 1 0 0 2 5 4 2 0 0 1 0 1 0
0 135 140 143 172 174 284 6 1 0 1 0 0 0 0 1 2 0 17 49 51 0 0 0 0 16 1 0 1 330 2 0 6 3 1 0 0 0 0 1 2 3 1 2 3 21 104222 4 3 2 1 0 0 1 2 16 16 0 0 151 123 1 1 0 0 0 0 0 0 0 0 2 1 3 5 0 1 0 0 1 13 0 0 0 0 0 0 0
0 1 0 24 1 104 3 1 1 0 0 0 0 0 2 4 5 25 27 0 0 0 0 0 13 0 0 0 0 324 11 8 0 0 0 0 0 2 1 0 0 0 0 1 2 3 87 104128 3 2 1 0 0 0 2 3 34 1 157 1 1 0 0 0 0 0 0 0 2 1 1 3 2 4 7 2 1 0 0 1 2 18 0 3 1 1 0 3
0 20 23 0 0 100 1 0 0 0 0 0 1 1 2 9 14 0 0 0 0 1 7 9 0 0 0 0 0 310 2 1 0 0 0 2 0 6 2 0 1 1 0 1 2 3 86 104123 0 2 1 0 0 1 4 4 200 162 1 1 0 0 0 0 0 1 2 1 0 5 0 6 3 5 12 0 2 2 0 0 0 0 19 0 4 4 0 5
17 0 1 0 83 15 0 0 0 0 0 1 1 4 5 3 0 0 0 1 0 1 0 0 0 1 0 2 302 1 0 1 0 0 1 4 0 0 38 46 52 53 57 58 62 72 81 104121 3 0 1 0 1 2 216 205 1 0 0 0 0 0 1 1 1 2 3 2 1 0 7 0 11 21 1 0 3 3 1 0 0 1 21 1 0 5 6 6
4 1 0 0 81 13 5 4 1 1 0 3 0 1 2 1 2 4 11 14 15 0 0 0 0 265 266 293 3 0 0 0 0 1 3 6 26 29 2 1 2 0 0 2 8 0 7 104116 4 3 0 1 5 220 1 0 0 0 0 0 0 0 3 2 2 7 0 3 2 1 48 39 37 2 0 0 0 4 4 9 0 0 24 0 2 10 0 14
0 0 0 77 1 4 1 0 0 0 3 5 0 0 0 0 2 3 0 0 0 16 1 253 258 1 0 24 0 0 0 0 0 9 11 13 1 0 0 0 0 0 0 7 3 4 5 9 104100 0 3 6 222 0 0 0 0 1 0 0 1 2 4 6 0 8 10 4 0 62 5 4 3 0 0 1 0 6 0 12 15 1 0 26 0 0 11 32
0 1 76 0 0 2 0 0 0 1 2 7 15 2 0 0 0 0 0 2 73 92 250 2 0 0 0 1 21 3 1 1 4 1 0 0 0 0 0 0 0 2 6 2 1 2 3 8 26974 77123 235 223 0 0 0 0 1 3 0 0 4 0 8 7 1 20 1 0 63 0 4 2 0 1 0 0 3 13 0 0 0 16 3 0 27 2 0 45
2 6 65 1 0 0 0 0 0 0 0 0 0 20 0 0 1 3 68 69 0 154 0 0 0 0 0 1 11 2 0 0 0 0 0 0 0 1 4 1 0 1 1 0 0 1 2 3 26973 76886 0 76871 2 1 1 0 2 5 0 0 0 5 10 8 23 2 0 0 65 0 0 0 0 0 0 0 0 0 14 0 0 0 17 5 0 28 4 46
1 2 62 1 0 0 0 0 1 1 1 3 23 49 0 0 0 59 1 0 0 151 0 0 0 1 0 8 1 0 0 0 0 0 0 2 0 0 6 0 2 0 0 0 0 1 2 3 26972 76884 76877 0 76867 5 2 4 0 7 0 0 1 7 11 9 27 1 1 0 68 0 0 0 0 2 1 1 1 16 1 0 0 1 1 24 0 161 130 124
2 3 37 21 1 1 0 0 1 4 13 17 0 0 53 55 56 0 0 0 116 9 22 3 1 2 3 1 0 0 0 0 1 3 6 11 1 0 0 7 4 0 0 1 1 2 3 4 26967 5 0 3 7 76852 76846 76840 12 10 1 1 76772 76769 76760 76735 106 77 72 70 0 0 1 1 4 0 4 0 0 21 0 0 1 1 2 198 170 4 1 1
0 20 11 18 2 1 0 0 3 5 1 0 0 1 0 0 0 0 0 0 112 8 5 11 6 1 0 1 0 0 1 1 3 0 0 1 14 18 0 2 8 5 1 1 2 0 0 0 26961 0 2 2 6 4 4 1 76819 76811 76807 76777 1 0 1 0 76626 2 1 0 0 0 1 2 7 8 1 0 1 22 221 216 214 210 203 2 1 1 0 0
1 18 10 14 2 1 0 0 0 0 0 0 0 0 0 0 1 2 1 0 110 7 4 3 1 0 0 0 0 0 1 2 0 4 0 0 0 20 0 0 3 9 6 2 2 4 1 26942 16 0 1 1 5 3 3 0 6 2 3 24 21 1 0 0 1 76620 2 1 0 0 1 5 277 259 257 253 249 224 0 2 0 0 0 0 0 0 0 0
0 15 9 3 6 5 0 0 0 0 0 3 16 18 20 2 5 3 6 105 3 6 3 1 0 0 0 0 1 0 0 2 7 5 0 2 0 0 22 0 1 4 10 21 3 26936 26941 9 2 1 0 0 4 2 2 2 2 1 2 1 1 16 0 0 1 9 76606 1 0 0 9 279 0 0 0 0 0 0 0 0 0 0 0 0 0 0 0 0
1 13 8 2 1 0 0 0 1 5 8 10 0 0 1 23 30 31 93 2 2 5 0 0 0 0 1 4 0 2 2 0 0 14 0 5 0 0 2 23 1 2 5 26819 26926 104 1 6 1 1 0 0 2 1 1 1 1 0 1 0 0 12 2 0 3 6 76603 0 1 11 280 0 0 0 0 0 0 0 0 0 0 1 1 8 5 3 0 0
4 10 7 3 0 0 0 0 1 0 0 0 0 0 1 2 3 54 5 1 1 3 0 0 0 0 0 2 9 15 19 0 2 16 7 0 0 1 0 3 24 30 26796 3 0 103 0 3 1 0 0 0 0 0 0 0 0 0 0 1 11 0 0 1 1 1 17 76583 76574 294 281 2 1 1 0 1 2 0 1 1 1 4 11 1 0 0 0 0
2 1 2 0 0 0 1 2 0 0 0 0 1 1 34 39 41 7 4 0 0 1 0 2 0 1 0 0 0 0 0 20 0 28 0 0 1 1 2 1 6 26785 2 1 2 100 1 1 0 0 0 0 0 0 0 0 0 0 0 4 2 0 0 0 0 2 14 7 3 76272 76266 76078 6 1 2 0 4 0 0 4 7 12 1 0 0 0 0 1
1 0 0 0 0 0 1 2 4 0 1 1 26 31 1 1 0 6 3 0 0 0 5 4 0 2 0 0 0 0 2 21 0 1 29 2 0 2 5 0 1 26736 4 3 0 1 99 0 0 0 0 2 1 9 7 5 3 1 0 1 0 0 0 0 1 10 1 6 2 4 186 1 76065 5 1 0 5 1 1 31 17 3 0 1 0 1 1 0
0 0 1 0 0 1 5 6 11 18 19 22 1 0 0 1 4 0 0 0 0 9 0 0 0 1 3 2 1 1 3 22 1 2 30 3 1 0 10 0 26719 15 3 2 2 0 0 98 0 1 26 24 20 7 6 5 4 1 0 0 1 2 3 6 9 0 1 1 1 3 185 0 76058 2 1 0 6 4 34 1 0 0 2 0 3 0 0 2
0 0 0 2 2 0 0 0 0 0 0 0 0 0 0 0 0 0 0 0 0 10 1 0 1 3 4 3 2 2 4 23 2 3 31 4 2 0 12 26709 8 10 3 2 1 0 0 1 93 36 6 5 4 3 2 1 0 1 0 0 0 0 0 0 0 0 0 0 0 1 184 0 5 76048 9 7 41 35 0 0 1 3 6 4 0 0 2 0
0 1 1 1 5 3 2 0 0 1 1 2 0 0 1 0 1 0 1 1 2 0 13 1 2 4 5 4 3 3 29 0 3 4 26651 26664 26668 26672 26684 9 7 0 5 1 1 0 0 0 1 53 6 5 4 3 2 1 0 0 1 0 0 0 1 0 0 0 0 0 0 180 2 0 3 76037 46 45 2 1 0 3 4 7 0 0 1 0 1 3
1 0 4 0 0 6 11 4 0 1 4 4 0 0 1 2 0 3 0 2 2 3 15 0 5 5 6 26023 26032 26042 26077 26081 26087 26613 2 3 2 4 5 8 2 2 1 0 0 0 0 0 0 32 12 6 5 2 0 0 0 1 2 1 1 0 39 40 45 47 48 51 179 0 0 0 0 75987 1 0 0 6 4 0 5 9 1 2 0 0 1 2
4 3 0 5 1 1 0 13 19 87 97 6 0 0 3 3 1 0 4 1 3 3 20 1 6 26002 26017 1 3 4 3 1 0 524 1 2 1 3 4 2 4 1 1 0 0 1 1 3 26 4 4 0 1 0 0 0 3 21 26 30 33 34 0 1 0 0 118 124 1 0 0 0 0 1 75984 1 7 0 0 1 6 12 3 1 0 0 1 2
14 24 0 1 6 2 5 6 65 1 2 101 8 0 5 4 2 1 0 5 2 4 25 2 25995 0 4 0 2 3 2 0 0 523 0 1 0 2 3 1 2 0 0 0 0 1 2 24 2 3 1 0 0 0 1 3 10 3 0 0 0 0 0 0 0 116 3 0 0 0 3 1 0 0 71296 4684 11 1 0 9 0 17 2 1 1 0 2 0
0 0 25 27 9 0 52 57 0 1 2 5 112 122 126 138 3 2 0 1 11 5 26 25986 9 7 2 0 1 2 1 0 1 518 2 1 0 1 2 0 0 0 0 0 0 1 16 1 1 0 1 0 0 1 2 5 0 0 0 0 0 1 1 109 112 0 1 0 0 0 1 10 0 0 71294 0 4670 4668 0 10 1 18 3 2 3 3 0 17
1 3 6 7 48 51 0 2 0 1 1 1 1 1 1 2 142 7 0 1 14 21 25945 8 1 0 6 1 0 1 0 2 3 513 1 0 0 0 0 0 0 0 0 1 1 0 3 1 0 0 0 0 0 0 0 0 0 0 0 0 1 99 101 2 0 0 0 0 0 2 3 0 12 71287 5 1 0 0 4664 2 0 0 19 7 4 4 1 19
0 0 0 0 0 0 0 0 0 0 0 0 0 0 0 0 1 153 0 2 25900 25913 6 2 2 0 3 1 0 0 1 1 3 506 1 0 0 0 0 0 1 0 2 6 1 0 1 0 0 0 0 0 1 2 0 0 0 1 3 85 90 2 0 0 0 0 0 0 1 0 5 6 71272 2 1 0 0 0 5 4643 0 0 67 45 36 30 24 1
1 0 0 1 0 0 0 0 0 0 0 0 0 0 0 2 0 1 156 25892 3 3 0 5 1 1 1 0 0 0 0 0 1 6 494 1 0 0 1 1 1 27 20 12 10 4 1 0 0 1 3 5 1 61 62 67 73 76 78 2 0 0 0 0 0 1 1 1 1 4 71248 71261 7 0 0 0 0 1 1 2 4637 4425 4354 4352 6 5 4 3
