test/input/morph/facc.asc
ncols                480
nrows                580
xllcorner      3451124.0
yllcorner      5321772.5
cellsize             100
NODATA_value       -9999
[rows 468 to 506 of 580, columns 176 to 263 of 480]
18030 37 0 1 0 0 2 4 0 7 0 0 1 0 0 0 0 0 1 1 19126 2 1 0 0 17 0 0 0 0 0 0 0 0 0 1 3 5 7056 6 375 5 4 3 2 2 0 2 0 0 0 3 5 1 8 55 3 4 11534 0 0 0 0 1 0 0 462 5 1 0 0 0 0 0 2 9 0 3 2 1 1 2 6 1 1 1 0 1
18126 0 0 0 0 1 8 1 10 1 0 1 0 3 1 1 0 1 3 19094 26 11 0 0 0 1 14 10 6 0 0 1 2 0 0 2 0 0 7049 5 3 364 355 13 12 8 4 1 0 0 1 0 0 1 7 54 2 3 2 11529 4 3 0 2 468 466 1 0 2 1 0 2 0 0 14 1 0 4 3 2 2 3 7 2 2 2 1 0
199 18329 18333 18338 18341 2 23 11 0 0 0 2 8 0 0 2 2 1 19083 5 13 4 9 5 1 0 2 1 0 4 0 2 4 9 0 0 1 21 7047 4 2 7 0 340 7 6 5 4 0 1 0 0 0 1 4 53 1 2 1 11 11511 477 476 475 2 1 0 0 0 0 1 3 1 1 15 2 1 5 4 3 3 4 8 3 3 2336 2332 2323
195 1 1 2 0 18345 24 3 1 2 0 0 0 11 4 0 0 3 19076 4 7 5 3 2 1 0 1 0 1 1 0 0 0 1 12 13 18 0 7024 3 1 2 2 0 330 313 312 311 0 6 2 0 0 0 0 52 0 1 0 10 0 11031 3 2 0 0 1 1 1 0 2 4 2 2 16 3 2 6 5 4 2386 2381 2375 2353 2341 0 5 3
0 0 0 0 0 18347 25 10 4 0 0 0 1 2 20 1 0 19067 7 3 2 0 4 2 1 0 0 0 0 0 1 0 0 1 2 3 0 1 7022 2 0 1 1 0 12 2 0 0 308 2 1 0 0 0 0 51 0 0 1 5 3 11025 0 0 0 7 2 0 3 0 3 5 3 3 2461 2443 2435 2425 2415 2398 3 1 11 2 1 0 4 1
1 2 0 0 0 18349 39 0 0 1 0 0 1 0 0 24 19053 7 6 5 0 1 2 0 1 0 0 0 0 0 0 2 1 0 1 0 1 0 7019 1 0 0 0 0 10 0 0 0 131 165 3 2 0 0 41 7 0 0 0 1 2 2 11021 10981 10 0 0 10916 4 1 4 2483 2472 2467 1 2 5 1 9 1 0 0 6 3 1 0 2 0
3 4 3 1 1 18392 0 0 0 3 0 0 1 2 1 19043 7 6 1 2 0 0 0 0 0 0 0 1 1 1 1 4 2 0 0 2 0 2 7017 1 0 0 0 5 0 0 0 0 129 157 2 0 0 38 0 0 4 0 0 0 0 1 38 2 10966 0 10917 0 10909 2494 2488 3 0 2 0 1 4 0 2 5 0 3 1 0 1 0 1 1
0 2 5 12 18396 0 0 0 0 5 1 0 1 2 3 19015 6 3 1 0 1 0 0 0 0 0 2 0 2 2 7 5 0 4 0 1 4 0 6981 29 8 5 0 2 0 0 4 123 4 156 0 0 1 32 6 2 0 2 0 0 0 0 37 1 1 10962 16 2 0 8411 0 1 0 0 0 0 0 2 1 1 2 1 0 0 0 0 0 0
0 0 5 18417 0 0 0 1 1 6 2 4 7 19003 19009 4 5 1 0 0 0 0 1 0 1 2 3 0 4 0 0 14 1 0 5 1 4 6980 3 0 18 0 4 0 0 2 112 115 3 154 0 1 0 1 22 2 0 0 0 0 2 33 1 0 0 26 1 9 0 8409 2 1 0 2 1 0 0 0 0 0 0 0 0 0 0 0 0 0
0 0 2 13 18433 18556 18562 18567 18570 18578 18579 18597 18991 391 0 3 1 0 0 0 0 2 0 3 0 2 7 1 5 1 0 17 2 0 1 6 6969 3 1 0 1 15 0 1 1 111 0 0 2 110 41 1 0 0 21 0 0 0 0 9 25 3 0 0 23 1 0 8 1 8405 0 4 3 1 0 0 0 0 0 0 0 0 0 0 1 2 0 1
1 1 7 1 0 120 3 1 5 10 16 3 0 0 389 1 0 0 0 1 0 4 0 5 1 3 8 0 8 9 12 13 32 6919 6923 6933 18 1 0 0 0 13 0 0 0 108 1 1 0 108 3 32 0 0 0 18 0 4 6 2 11 1 0 0 21 0 0 6 0 1 8399 20 2 2 1 0 1 1 0 3 0 1 1 1 5 0 0 1
4 5 0 0 112 6 2 0 4 3 0 1 0 0 388 0 0 0 0 1 2 1 5 13 0 2 14 0 0 0 0 0 0 6881 0 6 1 17 0 0 2 1 7 1 0 106 0 0 106 0 1 0 31 1 0 17 0 0 0 1 8 1 0 8 9 0 0 4 0 4 8372 1 16 3 2 0 5 0 0 6 1 4 0 2 6 1 1 2
0 0 108 111 4 0 1 2 0 1 0 0 0 383 0 0 0 0 1 1 2 8 0 1 16 22 23 41 0 0 1 1 6873 1 3 0 4 0 16 4 0 0 3 0 0 104 0 7 0 96 92 0 1 26 0 1 14 0 0 1 5 0 7 2 4 0 0 2 3 0 1 8361 0 8 7 6 0 0 0 0 9 450 444 442 433 421 417 413
22 107 0 1 0 2 0 0 0 0 0 0 0 381 0 0 0 1 3 0 2 3 9 0 0 0 1 0 43 0 3 6866 2 0 1 0 3 0 10 0 3 0 1 0 0 103 0 0 4 1 0 91 0 22 1 0 11 0 0 1 2 0 5 1 2 0 0 0 2 0 3 2 8353 2 1 0 1 0 484 481 466 14 1 4 3 0 0 1
98 4 2 0 0 0 0 0 0 0 0 1 376 2 0 0 2 4 7 16 18 19 27 39 0 0 0 2 45 47 6860 0 0 0 0 0 1 0 0 5 0 0 0 0 92 8 4 3 2 0 0 90 0 16 4 0 0 9 2 0 1 1 2 0 0 0 0 1 0 2 1 2 4 8344 0 0 494 491 2 1 0 7 3 0 3 2 0 0
0 0 0 0 0 0 0 1 0 1 1 369 3 0 0 0 1 2 3 0 1 2 0 1 56 0 2 7 6710 6712 98 0 0 0 0 1 0 0 0 2 0 0 0 84 6 2 1 2 0 0 87 1 0 14 0 3 0 1 3 1 0 0 0 0 0 0 0 0 0 0 1 0 0 4 8337 496 1 0 1 1 0 1 4 2 1 0 1 0
0 0 0 1 1 1 1 0 3 2 358 4 0 0 0 0 0 0 0 0 0 1 11 12 0 58 59 6701 3 0 0 95 42 0 4 0 7 6 2 0 0 0 2 81 5 4 0 0 1 1 82 0 0 1 11 3 1 0 1 0 0 0 0 0 2 1 1 1 0 0 0 1 2 4 9 7829 1 0 0 0 0 0 1 1 1 0 0 0
2 1 0 3 6 9 12 14 19 354 1 0 0 0 0 1 1 1 4 5 7 8 5 6 0 1 6696 0 1 0 0 0 48 39 0 10 1 1 0 1 0 0 1 77 0 1 0 0 0 36 80 1 0 0 2 3 2 0 0 0 0 0 1 1 5 2 0 4 1 0 0 1 3 0 3 204 7619 2 0 0 0 0 0 0 0 0 0 1
2 8 302 305 310 311 312 313 326 6 0 0 0 0 1 1 4 0 0 0 1 4 0 2 10 13 6632 1 0 0 0 43 3 0 32 8 2 0 0 0 0 57 66 2 3 1 0 0 35 1 13 24 4 1 1 1 0 1 0 2 0 0 1 2 3 10 3 6 3 0 0 0 0 0 0 203 8 7606 1 1 1 0 0 0 0 1 0 0
278 300 0 1 3 1 3 8 2 4 0 0 0 3 0 2 10 1 1 0 0 0 0 0 1 0 6612 1 0 0 7 33 0 0 11 0 3 1 0 0 54 0 5 0 1 0 0 34 0 9 2 4 13 1 0 0 0 0 0 5 1 0 3 0 0 0 12 11 0 5 1 0 0 1 202 2 4 31 7571 6 1 0 2 1 0 2 1 0
0 8 0 0 2 0 0 3 1 2 0 0 1 0 4 6 7 19 25 27 0 0 0 1 2 6566 44 0 0 6 1 0 31 0 2 7 0 2 0 15 37 1 0 3 0 0 0 32 0 8 1 1 1 12 0 0 0 1 0 1 6 10 4 0 2 0 0 13 12 1 8 1 1 199 1 3 30 0 4 7558 0 4 2 0 4 0 0 2
1 0 4 0 0 0 1 0 0 0 0 0 1 2 1 0 0 0 0 0 29 0 1 0 0 6562 0 42 0 2 0 0 29 0 1 4 0 1 10 1 22 11 0 0 0 0 14 8 5 5 1 0 0 0 11 0 0 1 4 5 2 0 12 6 0 3 1 3 14 13 179 182 198 0 1 0 29 1 0 2 7553 7540 7532 0 6 0 0 102
1 0 3 0 0 0 0 0 0 0 0 1 1 2 3 7 0 1 0 1 1 30 3 1 6560 15 0 39 0 0 0 2 0 22 0 2 0 0 9 0 18 2 10 8 0 10 1 6 0 4 4 0 0 8 2 0 0 1 0 1 8 3 4 19 28 89 95 96 108 149 3 0 12 1 0 0 27 0 1 5 5 0 0 7526 117 108 107 2
0 0 0 0 0 2 6 0 2 0 1 3 0 6 0 1 9 0 3 2 2 0 6535 6538 1 0 13 27 8 7 0 0 0 3 17 0 0 1 1 4 17 1 0 5 0 9 0 2 2 2 0 3 0 2 0 0 0 0 2 0 1 9 0 55 59 0 1 6 16 7 2 2 4 0 0 24 1 0 4 1 2 3 4 7407 3 2 1 0
0 0 0 0 0 0 0 8 13 0 3 0 4 0 7 0 3 11 4 3 6462 6499 33 1 0 0 12 0 26 11 5 4 2 0 2 16 3 0 0 3 13 2 0 4 0 3 3 1 1 0 0 2 0 0 0 2 0 3 23 25 26 34 54 1 0 0 1 1 15 6 1 1 1 1 16 6 0 3 0 1 2 1 2 6 7390 0 1 0
13 6 0 1 0 1 0 0 1 14 16 51 5 0 1 8 6170 6194 6445 6454 5 0 0 31 0 0 0 8 12 0 10 7 0 0 1 8 2 2 0 1 0 11 1 0 2 2 1 0 0 0 0 0 0 2 4 5 9 14 0 0 4 1 6 0 0 0 0 13 0 5 0 0 0 0 15 3 1 2 0 1 0 0 1 2 7388 3 0 1
4 0 1 0 2 4 2 1 21 25 27 0 52 7 0 6160 3 2 244 1 3 0 0 7 20 18 0 1 5 11 0 0 6 1 0 1 5 1 1 0 0 6 2 0 1 0 0 0 0 0 0 0 0 0 0 1 2 0 2 3 0 4 0 1 3 9 11 0 1 2 0 1 10 14 2 0 0 0 0 0 0 0 1 2547 1 4833 316 313
0 2 0 0 2 3 17 18 0 0 0 0 0 6145 6146 9 2 1 243 0 0 1 1 4 0 5 10 0 0 3 10 1 1 1 0 0 3 0 0 0 2 0 1 1 0 0 0 0 0 1 2 1 0 0 0 1 0 1 0 1 2 0 0 0 0 2 0 0 0 0 4 7 0 1 1 1 3 4 0 0 1 1 2542 1 0 4515 3 0
0 0 0 1 2 3 0 0 1 0 0 2 6076 5 0 7 1 0 242 0 0 0 0 0 2 0 3 9 0 2 4 2 0 0 0 0 0 0 1 0 0 0 0 0 0 0 0 2 0 1 7 0 1 1 0 0 2 0 0 0 0 0 0 0 0 0 0 1 2 3 0 0 0 0 0 0 0 0 5 1 1 2537 1 0 0 4510 0 1
2 0 0 0 0 0 0 0 1 2 1 6074 2 0 0 6 0 0 6 232 230 57 2 1 0 1 2 4 2 1 0 2 1 0 0 0 1 2 0 0 0 0 0 1 1 1 1 3 1 0 10 3 0 0 2 1 4 2 0 1 1 1 1 1 0 0 0 0 0 0 0 1 0 0 0 0 0 1 1 6 2527 6 1 0 0 4505 1 0
1 3 2 0 1 1 2 0 0 2 6070 1 0 0 0 4 0 2 2 0 169 0 53 1 0 0 1 0 2 1 0 0 0 1 0 0 0 5 2 0 1 1 1 0 4 2 2 0 6 0 13 0 5 0 4 0 7 3 1 4 0 2 2 2 0 4 0 0 2 1 0 0 2 1 1 2 1 0 4 2503 11 2 0 0 0 1 4501 1
0 2 4 4 0 2 2 3 1 6062 1 0 0 0 1 3 0 0 1 166 0 0 50 25 1 0 0 0 0 0 0 0 0 0 3 1 1 6 4 0 0 4 0 3 5 3 3 1 0 7 0 15 0 6 8 17 27 33 36 7 0 6 0 3 0 6 0 0 1 3 3 1 0 5 2 3 2 1 2502 7 1 0 1 0 1 2 4498 1
3 4 0 10 0 812 823 829 831 0 5220 0 0 0 1 0 0 0 1 165 35 9 23 0 22 2 0 0 0 5 0 0 2 7 13 16 19 27 33 35 85 95 97 105 114 121 129 133 135 0 9 0 16 1 0 0 0 0 0 45 0 7 1 4 1 7 1 0 1 2 8 2 1 6 10 15 19 2496 0 3 2 0 0 0 4 5 30 4461
9 19 21 11 810 0 2 0 0 0 5192 24 0 0 3 0 0 111 128 11 0 23 8 21 1 18 1 0 9 0 3 0 2 24 32 37 38 43 44 48 1 0 2 1 1 1 0 0 1 138 151 1 17 2 0 0 0 0 605 654 1 0 10 5 2 8 2 0 3 7 794 803 808 810 813 814 2472 2 1 1 0 1 0 2 1 3 23 3433
761 766 791 796 0 0 0 0 5188 5191 0 0 19 0 90 91 109 0 1 0 9 22 7 0 17 0 15 12 0 0 2 0 23 3 2 3 1 1 2 0 0 0 0 0 0 0 0 0 0 0 0 251 271 272 278 280 282 603 0 0 698 701 703 724 725 751 761 764 767 774 1 4 1 0 1 3 1649 1 0 0 0 0 0 0 0 15 2 0
0 2 1 1 0 0 1 5187 0 0 0 1 18 1 82 0 13 9 1 0 8 21 0 5 13 2 1 0 0 0 0 22 2 0 0 2 0 0 0 0 0 0 0 0 0 0 0 88 90 91 94 0 0 0 309 313 319 0 0 5 33 0 0 2 9 2 5 0 1 5 0 3 0 0 1 2 1646 1 0 0 0 0 0 0 14 1 0 3
1 0 0 0 1 14 23 5159 0 0 2 3 11 0 81 0 0 1 4 0 6 0 20 3 0 12 0 0 0 1 2 18 0 0 0 0 0 1 2 0 2 69 71 75 79 82 83 0 0 0 0 0 1 308 1 0 0 2 1 1 1 30 1 2 5 1 3 0 0 1 2 1 0 0 0 1 1643 10 4 2 0 0 2 12 0 0 1 0
5 8 9 10 11 6 0 5156 0 0 0 9 0 76 0 2 1 0 2 0 2 2 19 1 0 7 2 0 0 2 16 0 0 0 1 2 0 1 41 58 62 1 0 0 1 0 0 0 0 0 0 0 295 9 1 0 0 0 0 0 0 29 0 1 4 0 1 0 0 0 0 0 0 0 0 3 1629 1 4 2 0 0 0 6 0 0 0 0
1 0 1 3 5 0 3 5128 22 0 0 1 4 36 38 11 10 0 0 0 1 1 16 1 0 2 3 0 0 7 2 0 6 7 0 0 4 38 5 5 1 0 0 0 0 0 0 2 1 276 278 294 0 4 1 0 0 2 4 5 27 0 0 2 0 0 0 0 0 0 0 0 0 1 1 1594 1 25 0 0 0 4 0 5 0 3 6 470
