test/input/morph/slope.asc
ncols                480
nrows                580
xllcorner      3451124.0
yllcorner      5321772.5
cellsize             100
NODATA_value       -9999
[rows 174 to 202 of 580, columns 256 to 319 of 480]
1.721 1.661 1.670 1.377 2.337 2.533 2.348 1.825 1.768 2.211 2.689 2.864 2.612 2.050 1.891 1.623 0.608 1.132 1.910 1.091 1.460 2.087 2.563 1.410 0.320 1.289 2.152 2.363 2.005 1.407 1.043 0.817 0.365 0.516 0.934 1.236 1.132 -9999.000 -9999.000 -9999.000 -9999.000 -9999.000 -9999.000 -9999.000 -9999.000 -9999.000 -9999.000 -9999.000 -9999.000 -9999.000 -9999.000 -9999.000 -9999.000 -9999.000 -9999.000 -9999.000 -9999.000 -9999.000 -9999.000 -9999.000 -9999.000 -9999.000 -9999.000 -9999.000
2.087 3.460 3.263 3.303 3.876 3.876 3.303 2.077 1.332 1.281 1.730 1.811 1.748 1.351 0.997 1.546 1.219 1.236 1.132 1.867 2.220 1.934 2.689 2.136 1.359 1.316 1.460 1.582 1.685 1.867 1.859 1.155 -9999.000 0.143 0.101 -9999.000 -9999.000 -9999.000 -9999.000 -9999.000 -9999.000 -9999.000 -9999.000 -9999.000 -9999.000 -9999.000 -9999.000 -9999.000 -9999.000 -9999.000 -9999.000 -9999.000 -9999.000 -9999.000 -9999.000 -9999.000 -9999.000 -9999.000 -9999.000 -9999.000 -9999.000 -9999.000 -9999.000 -9999.000
4.975 5.256 4.584 4.567 4.295 2.950 1.219 1.236 1.095 0.709 0.716 0.418 1.362 1.582 0.649 1.377 1.834 1.768 2.220 2.275 1.670 2.037 1.948 2.530 2.586 2.592 2.935 3.381 3.369 2.657 2.181 -9999.000 -9999.000 -9999.000 -9999.000 -9999.000 -9999.000 -9999.000 -9999.000 -9999.000 -9999.000 -9999.000 -9999.000 -9999.000 -9999.000 -9999.000 -9999.000 -9999.000 -9999.000 -9999.000 -9999.000 -9999.000 -9999.000 -9999.000 -9999.000 -9999.000 -9999.000 -9999.000 -9999.000 -9999.000 -9999.000 -9999.000 -9999.000 -9999.000
8.990 5.700 3.200 1.316 1.013 3.004 4.404 4.614 4.041 3.622 3.009 2.167 1.232 1.095 0.906 1.377 2.017 2.229 2.010 1.236 1.601 2.035 2.389 3.258 3.704 3.654 3.512 3.399 2.894 2.264 1.633 -9999.000 -9999.000 -9999.000 -9999.000 -9999.000 -9999.000 -9999.000 -9999.000 -9999.000 -9999.000 -9999.000 -9999.000 -9999.000 -9999.000 -9999.000 -9999.000 -9999.000 -9999.000 -9999.000 -9999.000 -9999.000 -9999.000 -9999.000 -9999.000 -9999.000 -9999.000 -9999.000 -9999.000 -9999.000 -9999.000 -9999.000 -9999.000 -9999.000
3.807 0.516 1.859 3.678 5.105 5.512 5.044 4.267 3.523 2.087 2.128 2.819 3.005 3.059 2.877 2.639 2.672 3.005 3.004 2.812 3.453 4.725 5.356 5.084 4.955 4.689 3.622 2.229 1.721 1.989 -9999.000 -9999.000 -9999.000 -9999.000 -9999.000 -9999.000 -9999.000 -9999.000 -9999.000 -9999.000 -9999.000 -9999.000 -9999.000 -9999.000 -9999.000 -9999.000 -9999.000 -9999.000 -9999.000 -9999.000 -9999.000 -9999.000 -9999.000 -9999.000 -9999.000 -9999.000 -9999.000 -9999.000 -9999.000 -9999.000 -9999.000 -9999.000 -9999.000 -9999.000
4.779 4.301 3.529 3.363 2.898 2.148 1.132 0.430 1.989 4.876 6.631 5.971 5.571 5.394 4.876 4.027 3.437 3.512 4.027 4.801 5.356 5.662 4.991 3.588 2.264 2.065 2.035 1.351 1.505 1.724 -9999.000 -9999.000 -9999.000 -9999.000 -9999.000 -9999.000 -9999.000 -9999.000 -9999.000 -9999.000 -9999.000 -9999.000 -9999.000 -9999.000 -9999.000 -9999.000 -9999.000 -9999.000 -9999.000 -9999.000 -9999.000 -9999.000 -9999.000 -9999.000 -9999.000 -9999.000 -9999.000 -9999.000 -9999.000 -9999.000 -9999.000 -9999.000 -9999.000 -9999.000
2.370 0.418 1.185 2.035 1.733 1.748 1.236 1.623 3.195 5.389 5.016 2.657 2.434 2.976 3.714 4.385 3.965 3.588 4.027 4.877 5.072 4.014 3.340 3.037 1.377 1.132 1.718 1.439 0.961 1.033 -9999.000 -9999.000 -9999.000 -9999.000 -9999.000 -9999.000 -9999.000 -9999.000 -9999.000 -9999.000 -9999.000 -9999.000 -9999.000 -9999.000 -9999.000 -9999.000 -9999.000 -9999.000 -9999.000 -9999.000 -9999.000 -9999.000 -9999.000 -9999.000 -9999.000 -9999.000 -9999.000 -9999.000 -9999.000 -9999.000 -9999.000 -9999.000 -9999.000 -9999.000
3.228 3.363 2.626 2.533 1.926 1.522 1.185 1.432 3.200 4.792 3.648 0.955 0.418 0.226 1.377 2.864 3.592 3.904 4.404 4.597 4.247 3.655 4.090 4.415 2.563 1.421 2.025 1.519 0.545 0.286 0.771 0.961 -9999.000 -9999.000 -9999.000 -9999.000 -9999.000 -9999.000 -9999.000 -9999.000 -9999.000 -9999.000 -9999.000 -9999.000 -9999.000 -9999.000 -9999.000 -9999.000 -9999.000 -9999.000 -9999.000 -9999.000 -9999.000 -9999.000 -9999.000 -9999.000 -9999.000 -9999.000 -9999.000 -9999.000 -9999.000 -9999.000 -9999.000 -9999.000
4.851 3.423 2.434 2.220 1.721 0.771 0.506 2.126 3.709 4.026 3.078 0.934 0.709 0.679 0.871 0.641 1.439 2.181 2.504 2.500 2.490 3.553 4.452 5.334 3.138 1.676 2.450 1.450 0.835 0.934 1.532 1.155 0.453 -9999.000 -9999.000 -9999.000 -9999.000 -9999.000 -9999.000 -9999.000 -9999.000 -9999.000 -9999.000 -9999.000 -9999.000 -9999.000 -9999.000 -9999.000 -9999.000 -9999.000 -9999.000 -9999.000 -9999.000 -9999.000 -9999.000 -9999.000 -9999.000 -9999.000 -9999.000 -9999.000 -9999.000 -9999.000 -9999.000 -9999.000
4.757 3.927 3.529 2.674 1.794 1.297 2.087 3.647 4.548 3.546 2.662 1.351 0.997 0.516 0.641 1.522 1.013 0.961 1.724 1.542 1.648 3.308 5.055 6.696 4.194 2.581 2.689 1.623 1.359 1.585 1.794 1.077 1.685 1.377 -9999.000 -9999.000 -9999.000 -9999.000 -9999.000 -9999.000 -9999.000 -9999.000 -9999.000 -9999.000 -9999.000 -9999.000 -9999.000 -9999.000 -9999.000 -9999.000 -9999.000 -9999.000 -9999.000 -9999.000 -9999.000 -9999.000 -9999.000 -9999.000 -9999.000 -9999.000 -9999.000 -9999.000 -9999.000 -9999.000
4.637 4.169 4.061 3.151 2.657 2.581 2.914 3.945 3.864 2.649 2.539 1.902 1.439 0.817 0.506 1.232 1.351 1.132 2.148 2.107 1.418 2.248 4.650 7.611 5.269 3.446 3.277 1.924 1.091 1.033 0.911 0.771 2.035 2.337 1.377 -9999.000 -9999.000 -9999.000 -9999.000 -9999.000 -9999.000 -9999.000 -9999.000 -9999.000 -9999.000 -9999.000 -9999.000 -9999.000 -9999.000 -9999.000 -9999.000 -9999.000 -9999.000 -9999.000 -9999.000 -9999.000 -9999.000 -9999.000 -9999.000 -9999.000 -9999.000 -9999.000 -9999.000 -9999.000
4.603 4.489 4.619 3.340 2.370 2.308 3.044 3.440 2.779 2.348 2.634 1.883 1.450 1.636 0.709 1.332 1.834 2.429 3.643 3.664 2.914 2.406 3.463 7.213 5.561 3.843 3.945 3.460 2.762 1.791 0.955 0.516 1.018 1.733 1.997 -9999.000 -9999.000 -9999.000 -9999.000 -9999.000 -9999.000 -9999.000 -9999.000 -9999.000 -9999.000 -9999.000 -9999.000 -9999.000 -9999.000 -9999.000 -9999.000 -9999.000 -9999.000 -9999.000 -9999.000 -9999.000 -9999.000 -9999.000 -9999.000 -9999.000 -9999.000 -9999.000 -9999.000 -9999.000
5.076 5.453 5.438 3.294 2.087 2.537 3.216 2.978 2.438 2.862 2.936 2.010 2.164 2.463 2.649 3.647 4.000 4.779 5.446 4.355 2.976 1.945 2.862 6.412 5.962 5.171 4.934 4.126 3.363 2.241 1.281 0.835 0.453 1.297 2.514 0.791 -9999.000 -9999.000 -9999.000 -9999.000 -9999.000 -9999.000 -9999.000 -9999.000 -9999.000 -9999.000 -9999.000 -9999.000 -9999.000 -9999.000 -9999.000 -9999.000 -9999.000 -9999.000 -9999.000 -9999.000 -9999.000 -9999.000 -9999.000 -9999.000 -9999.000 -9999.000 -9999.000 -9999.000
5.429 6.761 7.403 4.026 1.966 2.561 2.878 2.799 2.850 3.340 3.238 2.372 2.785 3.200 4.458 5.700 5.825 5.308 3.413 0.865 0.203 0.506 1.648 4.205 4.466 4.476 4.650 3.748 3.277 2.114 1.185 1.132 0.506 2.190 3.435 1.601 0.934 -9999.000 -9999.000 -9999.000 -9999.000 -9999.000 -9999.000 -9999.000 -9999.000 -9999.000 -9999.000 -9999.000 -9999.000 -9999.000 -9999.000 -9999.000 -9999.000 -9999.000 -9999.000 -9999.000 -9999.000 -9999.000 -9999.000 -9999.000 -9999.000 -9999.000 -9999.000 -9999.000
4.389 6.980 9.493 5.901 1.883 2.348 2.549 2.850 3.216 3.592 3.363 2.506 3.200 4.653 6.182 6.092 4.682 2.581 0.545 1.057 1.224 1.359 2.025 3.104 2.448 2.438 3.176 2.862 3.974 3.124 1.224 1.269 0.573 4.116 3.949 1.748 1.891 -9999.000 -9999.000 -9999.000 1.119 -9999.000 -9999.000 -9999.000 -9999.000 -9999.000 -9999.000 -9999.000 -9999.000 -9999.000 -9999.000 -9999.000 -9999.000 -9999.000 -9999.000 -9999.000 -9999.000 -9999.000 -9999.000 -9999.000 -9999.000 -9999.000 -9999.000 -9999.000
3.258 5.167 9.877 8.109 3.488 2.785 2.463 2.835 2.935 3.037 3.252 2.942 3.927 5.531 5.241 3.009 1.033 1.460 1.955 1.057 1.033 1.351 2.735 4.050 3.363 3.163 3.252 1.623 3.294 3.588 1.181 1.575 2.264 4.990 2.857 1.450 -9999.000 -9999.000 -9999.000 1.910 1.572 2.229 -9999.000 -9999.000 -9999.000 -9999.000 -9999.000 -9999.000 -9999.000 -9999.000 -9999.000 -9999.000 -9999.000 -9999.000 -9999.000 -9999.000 -9999.000 -9999.000 -9999.000 -9999.000 -9999.000 -9999.000 -9999.000 -9999.000
3.453 4.355 9.379 12.635 12.416 9.084 5.214 3.457 2.035 1.825 3.004 3.096 3.665 1.155 2.835 4.751 4.234 3.124 2.639 1.685 1.768 2.680 3.748 4.366 3.266 3.266 3.352 2.389 2.264 2.835 1.748 2.190 3.540 4.614 2.563 1.966 -9999.000 -9999.000 2.136 3.939 2.211 3.851 1.945 -9999.000 3.446 -9999.000 -9999.000 -9999.000 -9999.000 -9999.000 -9999.000 -9999.000 -9999.000 -9999.000 -9999.000 -9999.000 -9999.000 -9999.000 -9999.000 -9999.000 -9999.000 -9999.000 -9999.000 -9999.000
2.947 2.799 6.076 10.867 13.437 13.194 10.511 7.182 3.423 0.545 3.592 4.468 1.362 4.449 6.142 6.018 5.285 4.942 4.458 3.576 3.117 2.701 2.017 2.814 2.085 1.407 1.794 1.320 1.549 2.348 2.539 3.340 4.659 4.116 1.224 1.883 2.555 2.877 3.019 4.711 3.709 3.345 3.228 3.935 1.297 -9999.000 -9999.000 -9999.000 -9999.000 -9999.000 -9999.000 -9999.000 -9999.000 -9999.000 -9999.000 -9999.000 -9999.000 -9999.000 -9999.000 -9999.000 -9999.000 -9999.000 -9999.000 -9999.000
4.244 3.678 4.861 5.239 6.815 10.308 11.790 10.780 7.658 3.349 4.404 5.792 1.966 6.961 4.342 2.284 3.019 3.588 3.148 2.448 1.460 0.203 1.185 2.735 3.151 2.227 1.768 0.859 2.438 3.592 3.143 4.751 5.178 1.768 2.657 4.027 4.646 5.360 4.718 2.438 3.063 5.121 5.855 3.463 -9999.000 -9999.000 -9999.000 -9999.000 -9999.000 -9999.000 -9999.000 -9999.000 -9999.000 -9999.000 -9999.000 -9999.000 -9999.000 -9999.000 -9999.000 -9999.000 -9999.000 -9999.000 -9999.000 -9999.000
4.701 4.892 4.512 4.117 4.508 6.109 7.981 10.885 11.547 9.163 7.813 5.487 5.394 7.018 3.622 1.724 0.955 0.101 1.316 1.948 1.542 0.817 0.365 1.661 2.229 2.581 3.216 3.435 4.860 4.486 1.834 4.047 6.127 2.291 3.848 3.484 3.744 3.602 3.142 2.438 4.543 5.832 3.435 0.365 -9999.000 -9999.000 -9999.000 -9999.000 -9999.000 -9999.000 -9999.000 -9999.000 -9999.000 -9999.000 -9999.000 -9999.000 -9999.000 -9999.000 -9999.000 -9999.000 -9999.000 -9999.000 -9999.000 -9999.000
2.284 1.320 2.634 2.639 1.119 0.430 2.448 6.367 9.636 10.574 8.588 5.413 8.814 6.692 3.540 3.719 3.851 3.151 1.721 0.730 0.871 1.721 2.313 2.978 3.078 3.791 3.044 1.407 3.345 4.490 7.192 7.348 9.781 6.555 4.673 2.632 1.505 0.730 2.136 4.458 3.800 2.128 1.601 2.337 -9999.000 -9999.000 -9999.000 -9999.000 -9999.000 -9999.000 -9999.000 -9999.000 -9999.000 -9999.000 -9999.000 -9999.000 -9999.000 -9999.000 -9999.000 -9999.000 -9999.000 -9999.000 -9999.000 -9999.000
5.510 5.060 5.300 5.978 5.424 3.984 2.025 1.146 3.177 5.778 5.823 5.446 10.327 7.580 3.294 2.799 2.148 1.601 1.648 2.229 2.555 2.764 2.990 3.413 3.044 1.648 2.190 4.434 6.631 9.298 9.827 7.970 10.186 9.208 5.913 2.145 0.616 0.716 1.620 4.322 6.647 6.634 4.348 2.672 -9999.000 -9999.000 -9999.000 -9999.000 -9999.000 -9999.000 -9999.000 -9999.000 -9999.000 -9999.000 -9999.000 -9999.000 -9999.000 -9999.000 -9999.000 -9999.000 -9999.000 -9999.000 -9999.000 -9999.000
3.263 4.126 4.208 5.121 5.590 5.389 3.730 1.730 0.320 1.377 2.649 3.851 9.750 8.335 2.355 2.087 1.768 2.313 2.174 0.716 0.911 1.532 1.320 1.297 1.316 3.216 5.438 6.712 7.547 7.532 5.879 4.702 6.434 7.354 7.155 4.702 3.143 3.036 3.506 4.503 5.768 6.683 4.954 -9999.000 -9999.000 -9999.000 -9999.000 -9999.000 -9999.000 -9999.000 -9999.000 -9999.000 -9999.000 -9999.000 -9999.000 -9999.000 -9999.000 -9999.000 -9999.000 -9999.000 -9999.000 -9999.000 -9999.000 -9999.000
2.275 3.377 2.799 3.519 4.026 4.917 3.807 1.924 1.721 0.709 1.910 3.576 9.136 9.823 3.484 1.601 1.721 2.563 2.448 1.450 1.320 1.432 2.167 3.227 4.126 5.302 6.194 5.690 4.751 3.037 1.601 1.697 2.241 4.000 6.008 5.852 5.016 3.678 2.275 1.013 2.823 3.927 2.814 -9999.000 -9999.000 -9999.000 -9999.000 -9999.000 -9999.000 -9999.000 -9999.000 -9999.000 -9999.000 -9999.000 -9999.000 -9999.000 -9999.000 -9999.000 -9999.000 -9999.000 -9999.000 -9999.000 -9999.000 -9999.000
2.295 2.549 1.718 2.236 2.799 4.960 3.457 2.976 3.807 2.841 0.616 2.850 7.800 10.926 6.056 2.657 2.539 3.363 4.355 4.160 3.802 4.007 4.375 4.672 5.214 5.461 4.404 1.989 0.286 0.616 1.185 2.406 3.138 2.330 2.626 3.494 3.084 2.337 3.463 6.394 7.485 6.115 2.877 -9999.000 -9999.000 -9999.000 -9999.000 -9999.000 -9999.000 -9999.000 -9999.000 -9999.000 -9999.000 -9999.000 -9999.000 -9999.000 -9999.000 -9999.000 -9999.000 -9999.000 -9999.000 -9999.000 -9999.000 -9999.000
2.555 1.572 0.608 1.910 2.716 3.704 3.665 4.942 5.557 5.825 3.239 1.421 4.737 9.397 7.658 5.419 4.737 4.513 4.222 3.533 3.176 3.602 3.965 4.234 4.430 3.393 1.132 0.835 1.224 0.961 0.917 3.401 3.807 1.867 2.330 6.585 9.869 11.834 11.963 8.764 4.673 3.004 3.195 1.997 -9999.000 -9999.000 -9999.000 -9999.000 -9999.000 -9999.000 -9999.000 -9999.000 -9999.000 -9999.000 -9999.000 -9999.000 -9999.000 -9999.000 -9999.000 -9999.000 -9999.000 -9999.000 -9999.000 -9999.000
3.019 1.377 1.460 2.539 1.883 1.994 3.704 3.722 4.070 5.958 5.156 1.636 2.355 6.730 8.198 8.012 6.147 3.876 4.076 3.352 2.779 2.594 1.823 1.320 0.961 1.320 2.114 2.050 1.236 0.591 0.917 3.787 4.011 1.146 3.051 7.700 11.667 12.045 11.533 8.721 3.906 1.771 3.124 3.791 -9999.000 -9999.000 -9999.000 -9999.000 -9999.000 -9999.000 -9999.000 -9999.000 -9999.000 -9999.000 -9999.000 -9999.000 -9999.000 -9999.000 -9999.000 -9999.000 -9999.000 -9999.000 -9999.000 -9999.000
2.997 2.275 1.791 1.989 2.264 2.500 2.220 2.077 2.695 4.955 6.317 3.161 1.636 3.764 4.257 4.954 5.718 7.018 6.184 3.632 3.125 4.067 5.285 5.419 4.892 4.375 3.399 2.152 1.697 1.362 1.351 3.507 3.796 1.132 4.097 8.515 12.846 10.059 2.389 5.803 5.087 2.275 1.582 1.542 -9999.000 -9999.000 -9999.000 -9999.000 -9999.000 -9999.000 -9999.000 -9999.000 -9999.000 -9999.000 -9999.000 -9999.000 -9999.000 -9999.000 -9999.000 -9999.000 -9999.000 -9999.000 -9999.000 -9999.000
3.073 3.252 3.939 4.513 4.517 4.149 3.291 2.506 2.363 4.284 7.429 4.503 0.286 2.506 2.592 5.019 8.141 7.274 4.265 1.989 2.126 2.415 3.592 4.618 4.319 3.602 2.581 1.601 1.505 1.582 1.585 2.716 3.363 2.990 7.681 12.536 12.614 6.502 2.264 5.001 3.682 0.835 1.495 -9999.000 -9999.000 -9999.000 -9999.000 -9999.000 -9999.000 -9999.000 -9999.000 -9999.000 -9999.000 -9999.000 -9999.000 -9999.000 -9999.000 -9999.000 -9999.000 -9999.000 -9999.000 -9999.000 -9999.000 -9999.000
