test/input/morph/slope.asc
ncols                480
nrows                580
xllcorner      3451124.0
yllcorner      5321772.5
cellsize             100
NODATA_value       -9999
[rows 522 to 550 of 580, columns 256 to 319 of 480]
0.641 1.505 1.522 2.313 2.087 2.481 2.481 2.819 2.313 1.768 1.721 0.955 1.297 5.333 8.258 6.715 3.800 5.461 5.901 4.150 5.868 4.257 2.490 2.027 1.934 2.762 2.632 2.834 3.808 2.363 0.934 3.117 3.239 4.147 4.149 3.009 3.667 3.352 2.835 4.725 5.394 7.394 6.635 3.816 6.558 12.826 17.921 14.879 16.574 18.237 10.978 16.515 19.264 6.881 -9999.000 -9999.000 -9999.000 -9999.000 -9999.000 -9999.000 -9999.000 -9999.000 -9999.000 -9999.000
0.791 0.709 1.439 1.825 2.328 2.448 2.942 3.228 2.220 2.035 2.406 1.794 3.641 5.858 4.265 3.423 3.576 4.835 3.005 2.539 3.488 1.861 1.410 2.174 1.748 1.269 1.811 2.085 3.059 2.976 0.516 3.019 3.294 4.149 3.965 2.530 3.051 2.799 3.939 5.378 4.716 6.829 6.394 5.913 6.168 11.269 17.880 15.670 16.099 17.633 11.117 14.416 20.406 16.571 -9999.000 -9999.000 -9999.000 -9999.000 -9999.000 -9999.000 -9999.000 -9999.000 -9999.000 -9999.000
1.432 1.859 1.803 1.281 1.926 2.555 2.942 2.581 2.211 2.448 2.337 1.859 2.914 3.965 1.362 4.628 4.714 3.731 1.185 3.339 2.035 0.365 1.132 2.330 1.811 0.934 1.891 2.087 2.514 2.835 1.057 2.988 2.814 3.540 3.552 2.634 3.082 3.434 4.718 4.374 4.007 6.158 6.728 6.258 7.748 10.781 15.457 15.739 16.552 18.163 12.657 12.464 17.203 23.181 10.094 -9999.000 -9999.000 -9999.000 -9999.000 -9999.000 -9999.000 -9999.000 -9999.000 -9999.000
3.423 2.639 2.361 2.490 2.753 2.935 2.514 1.730 1.948 2.077 1.582 0.817 2.363 2.050 0.791 3.823 5.076 2.136 2.680 2.762 0.817 0.730 0.737 1.803 1.848 1.421 2.167 1.648 1.676 2.549 1.742 2.313 2.010 2.689 3.143 3.051 4.076 3.714 4.222 4.458 4.779 5.268 4.357 4.843 9.396 10.025 11.841 13.678 15.859 18.963 13.830 10.849 12.303 22.700 20.410 -9999.000 -9999.000 -9999.000 -9999.000 -9999.000 -9999.000 -9999.000 -9999.000 -9999.000
2.264 1.883 2.229 2.956 3.097 2.400 1.633 1.721 2.434 1.934 1.407 0.286 1.902 1.351 1.994 4.106 5.160 0.226 3.117 1.377 1.224 1.077 0.649 1.013 1.114 1.748 2.716 1.724 1.861 2.539 1.332 1.043 1.825 2.085 2.167 2.672 3.939 3.558 3.542 3.753 4.257 4.733 4.026 5.694 8.902 8.635 9.742 10.971 12.758 18.853 15.683 10.854 9.771 18.051 24.753 9.113 -9999.000 -9999.000 -9999.000 -9999.000 -9999.000 -9999.000 -9999.000 -9999.000
1.439 0.911 1.542 2.010 2.050 2.087 1.633 1.859 2.434 2.363 2.539 1.253 1.724 3.722 3.927 3.843 3.440 3.138 4.357 2.628 2.065 1.450 1.033 0.906 0.506 1.505 2.223 1.542 1.910 2.563 2.330 0.506 2.077 2.415 2.581 2.264 2.935 2.753 2.450 1.966 2.976 4.432 3.965 5.834 7.679 6.962 8.775 9.036 10.350 18.699 16.909 11.880 10.268 12.961 24.675 17.057 -9999.000 -9999.000 -9999.000 -9999.000 -9999.000 -9999.000 -9999.000 -9999.000
1.320 1.155 1.224 0.453 1.091 2.220 1.934 2.126 2.348 1.620 2.313 2.450 2.465 1.859 0.961 1.934 1.966 4.714 4.284 3.051 2.819 1.661 1.269 1.351 0.737 0.817 1.834 2.010 1.768 2.812 3.097 0.203 2.434 2.372 2.555 2.107 2.581 2.514 3.227 2.857 2.689 4.404 4.160 5.576 6.975 5.694 8.121 8.040 9.996 17.336 15.091 13.347 13.754 12.289 22.116 21.049 6.101 -9999.000 -9999.000 -9999.000 -9999.000 -9999.000 -9999.000 -9999.000
1.232 0.997 1.219 0.143 0.737 1.794 1.721 1.966 2.415 1.582 2.586 2.988 2.363 1.407 1.825 2.370 1.670 4.610 3.151 2.446 3.368 2.561 2.025 1.119 0.716 1.601 2.085 1.636 1.948 2.877 3.004 0.608 1.997 2.337 2.689 2.481 2.997 2.978 4.061 3.615 2.806 4.930 4.186 4.646 6.856 5.924 7.981 8.154 9.021 13.728 13.527 14.946 16.054 14.127 19.033 21.697 11.405 3.337 -9999.000 -9999.000 -9999.000 -9999.000 -9999.000 -9999.000
1.601 1.013 0.906 0.203 0.917 1.648 1.724 1.867 2.152 1.910 2.695 2.632 2.313 2.586 1.718 2.649 3.787 4.090 0.226 2.835 3.488 2.689 1.351 0.453 1.867 1.572 1.432 1.633 2.438 2.581 2.450 1.236 1.119 2.348 2.841 2.898 3.643 3.540 4.265 4.558 4.421 5.824 4.475 4.698 7.125 6.631 8.369 8.102 7.653 12.560 13.132 15.096 16.594 14.511 15.982 19.686 18.123 4.876 -9999.000 -9999.000 -9999.000 -9999.000 -9999.000 -9999.000
1.297 1.439 1.077 0.906 1.724 1.721 1.549 1.281 1.219 1.549 2.834 3.277 2.025 0.716 0.791 0.506 1.460 1.003 1.575 2.087 2.555 2.275 1.505 1.377 1.236 0.961 0.955 1.867 2.592 2.450 1.997 1.768 0.545 1.519 1.410 1.748 3.096 3.096 3.413 3.949 4.731 5.824 4.319 4.861 7.038 6.629 7.830 8.531 10.229 13.231 13.234 15.346 17.237 15.323 14.503 15.991 22.211 14.224 -9999.000 -9999.000 -9999.000 -9999.000 -9999.000 -9999.000
1.219 1.297 1.495 2.406 4.014 4.543 3.138 1.648 1.091 0.737 1.861 2.291 3.263 2.229 1.994 1.320 1.522 1.633 0.616 2.549 2.880 2.264 0.679 0.545 1.648 2.695 2.592 2.048 2.632 2.311 1.219 1.623 1.910 2.504 1.742 0.817 1.966 2.581 3.277 3.876 4.767 5.700 4.305 5.160 7.662 8.714 9.988 11.557 12.355 14.427 15.367 16.239 17.088 16.068 15.130 13.491 21.805 22.018 23.280 -9999.000 -9999.000 -9999.000 -9999.000 -9999.000
1.648 1.219 1.095 3.296 5.913 6.682 5.160 2.005 1.269 1.057 3.163 2.942 2.450 1.989 0.934 0.545 0.716 2.361 1.253 2.500 3.151 2.812 1.421 1.450 1.670 1.945 2.657 3.089 2.779 1.450 0.506 1.057 1.155 1.253 0.506 0.641 0.716 1.620 3.063 4.095 4.319 5.269 4.854 4.855 6.683 8.335 9.500 9.791 8.923 12.268 15.338 17.935 19.111 18.833 19.311 15.824 19.305 23.245 23.175 18.511 10.733 -9999.000 -9999.000 -9999.000
1.791 1.997 1.450 1.910 3.263 6.195 6.543 2.942 2.264 1.730 2.448 1.718 0.911 2.471 3.434 2.275 0.516 3.239 1.522 3.296 4.041 3.036 1.091 1.043 1.146 0.771 1.018 0.917 0.286 1.724 1.966 1.332 0.320 0.791 0.143 0.418 0.320 0.641 2.085 3.989 3.626 3.791 4.348 3.791 4.090 4.637 5.105 4.731 4.147 7.813 10.154 15.136 18.317 18.641 20.420 17.237 15.591 17.676 17.856 14.453 9.315 -9999.000 -9999.000 -9999.000
2.295 2.017 1.997 2.921 5.927 6.943 5.528 2.740 1.748 0.506 1.549 2.749 2.372 3.494 4.223 4.927 3.258 4.267 3.195 4.364 5.213 3.148 1.095 1.181 1.236 0.791 0.716 1.289 2.114 2.128 1.934 1.730 0.506 1.119 0.791 0.817 0.320 0.545 1.320 3.401 3.610 3.244 4.065 4.244 4.145 3.626 3.512 3.664 4.348 6.164 5.909 9.276 12.691 13.970 17.377 17.246 15.177 14.577 13.999 11.172 7.120 -9999.000 -9999.000 -9999.000
3.540 3.117 3.906 4.361 2.406 2.463 1.867 2.432 2.065 1.623 1.811 3.009 2.649 2.128 1.351 2.878 2.850 3.558 0.871 4.477 4.788 3.539 1.601 0.934 1.057 1.018 1.155 1.861 1.921 1.132 1.902 1.794 1.377 1.670 1.297 1.549 1.013 0.545 0.730 2.136 2.823 2.639 3.063 3.576 3.744 2.735 2.779 3.413 4.289 5.859 5.461 7.171 9.650 11.465 14.938 16.179 15.931 15.975 16.068 13.902 9.927 -9999.000 -9999.000 -9999.000
6.852 5.569 6.567 7.257 3.828 2.227 2.087 2.785 2.997 3.392 3.665 3.063 1.421 0.817 0.418 1.861 1.013 1.281 3.980 3.453 2.185 4.659 3.709 1.219 1.132 1.185 1.891 2.850 2.363 1.410 1.823 2.370 2.077 1.407 0.955 1.219 1.018 0.649 1.320 1.232 1.410 2.048 1.948 2.264 3.233 2.657 2.463 3.036 3.945 5.545 5.055 5.797 7.370 8.344 11.020 12.088 12.660 13.158 13.100 15.172 14.140 8.324 -9999.000 -9999.000
9.871 8.202 8.013 9.429 5.968 3.393 1.572 1.119 2.555 4.486 4.041 4.754 3.177 1.505 1.013 1.332 1.377 2.048 2.662 2.592 2.136 3.851 4.490 1.215 1.362 2.363 3.296 2.880 1.921 1.724 1.460 1.994 1.522 0.365 0.730 1.410 1.730 1.724 1.867 1.155 0.365 1.495 1.670 1.989 3.044 2.749 2.639 2.634 3.063 4.707 4.466 4.818 5.256 5.389 7.798 9.251 10.222 9.859 8.345 13.196 15.040 11.512 12.870 -9999.000
8.484 6.866 6.313 8.752 7.364 5.975 4.588 2.220 1.636 2.434 1.721 3.654 3.965 2.900 2.950 3.654 4.007 4.076 3.730 2.037 2.025 3.308 3.730 1.633 2.581 3.004 2.085 0.226 1.421 0.871 0.545 0.917 1.811 0.791 1.450 1.546 1.825 1.934 1.495 1.013 1.091 0.917 0.955 1.633 2.841 2.978 3.063 2.935 3.051 3.956 3.949 4.576 5.087 5.108 6.223 6.905 7.534 6.966 5.872 10.043 12.646 11.586 10.068 6.955
8.223 7.354 5.561 7.266 5.958 5.841 7.115 5.495 3.807 4.126 3.393 3.488 4.364 4.076 4.219 4.361 3.239 2.229 3.216 2.919 1.474 2.680 3.239 2.942 2.852 1.648 1.091 1.377 0.817 0.616 0.730 0.516 1.219 1.685 1.601 1.181 1.095 0.871 0.791 1.077 1.407 1.219 0.771 0.430 1.601 1.848 2.227 3.063 3.664 3.748 3.294 3.976 4.731 5.152 5.272 4.770 4.682 5.051 5.176 7.486 8.959 8.866 7.156 4.733
9.236 8.986 7.354 7.895 4.975 3.233 5.292 6.740 7.288 7.431 6.277 6.076 6.223 4.512 2.649 1.955 3.351 3.019 4.047 5.195 4.792 3.944 2.779 2.450 1.861 1.418 1.572 1.768 1.948 1.332 0.506 1.057 1.825 2.415 2.229 2.152 2.248 1.948 1.582 1.519 1.648 1.742 1.269 0.934 1.320 1.132 0.835 1.670 3.037 3.363 2.850 3.711 3.719 3.719 4.319 3.802 3.296 3.553 3.753 5.187 5.619 5.629 4.971 3.512
8.758 9.460 9.608 10.885 7.354 3.944 3.519 4.301 5.016 4.327 3.823 4.366 6.201 7.499 6.677 5.590 5.368 3.263 2.432 1.948 2.735 3.220 1.155 0.791 0.835 1.572 1.450 0.865 1.733 2.500 2.723 2.762 2.716 2.900 3.151 3.151 3.227 3.647 3.303 2.792 2.877 3.227 3.453 2.814 1.825 0.817 0.405 0.304 1.803 2.465 2.167 3.138 3.314 2.950 3.413 3.063 2.740 2.701 2.025 3.051 3.177 3.082 3.019 2.361
4.076 6.075 9.065 13.196 12.594 10.047 7.478 6.790 9.230 10.838 11.318 11.313 11.070 9.906 6.962 5.955 6.320 3.507 2.942 2.463 2.229 2.581 1.474 1.219 1.185 1.633 1.623 1.297 1.867 2.361 2.372 2.898 3.125 3.349 3.460 3.340 3.005 3.117 3.078 3.340 4.208 4.292 4.180 3.800 2.725 1.948 1.439 1.377 1.823 1.091 1.013 1.620 2.284 1.633 2.248 2.701 2.753 2.657 1.825 2.438 2.330 2.035 2.330 -9999.000
-9999.000 -9999.000 1.989 7.956 9.876 11.189 12.164 12.409 13.600 14.416 15.509 14.802 12.088 9.762 5.600 5.712 6.917 4.301 2.749 2.434 2.921 3.314 3.037 2.500 1.955 2.048 2.181 2.514 2.814 3.363 4.186 4.614 4.597 4.663 4.711 5.238 4.971 3.709 3.078 3.349 3.037 2.500 2.308 2.657 3.168 3.168 2.657 2.612 2.950 2.229 2.035 0.835 1.601 1.185 1.825 2.136 2.581 2.465 1.623 1.948 2.035 1.926 -9999.000 -9999.000
-9999.000 -9999.000 -9999.000 -9999.000 2.005 4.430 8.496 11.340 13.245 13.061 12.612 10.997 11.489 11.530 7.391 6.767 8.475 8.209 6.790 4.267 2.680 2.701 2.465 2.185 2.050 2.370 2.311 2.275 2.674 3.665 4.576 4.801 5.112 5.576 5.494 5.287 5.386 5.516 5.132 4.548 3.885 3.714 3.552 3.258 3.823 4.513 4.736 4.517 4.180 3.871 4.145 2.799 1.495 0.506 1.891 2.136 2.779 2.701 1.825 2.025 2.126 -9999.000 -9999.000 -9999.000
-9999.000 -9999.000 -9999.000 -9999.000 -9999.000 -9999.000 -9999.000 5.855 9.439 9.376 7.854 9.003 12.268 11.813 8.049 7.998 9.139 8.130 7.507 6.434 2.634 1.934 2.025 1.867 2.037 2.220 2.471 2.864 2.852 2.799 2.978 3.519 4.444 5.160 5.333 5.151 5.249 5.557 5.239 5.003 5.238 5.386 5.200 4.594 4.299 4.310 4.788 5.218 4.792 4.164 4.441 3.529 2.632 1.474 0.649 1.648 2.936 3.239 2.561 2.701 2.725 -9999.000 -9999.000 -9999.000
-9999.000 -9999.000 -9999.000 -9999.000 -9999.000 -9999.000 -9999.000 -9999.000 -9999.000 -9999.000 -9999.000 8.202 9.439 10.086 6.493 4.503 6.511 5.686 5.608 7.457 4.376 3.044 2.779 2.500 2.639 2.835 3.369 3.540 3.283 3.494 3.753 4.520 5.315 5.715 5.575 5.662 5.512 5.111 4.629 5.003 4.659 4.852 5.644 5.413 4.737 3.844 3.446 3.369 3.239 3.337 3.542 2.898 2.749 1.748 0.871 0.679 1.505 2.145 1.724 1.948 -9999.000 -9999.000 -9999.000 -9999.000
-9999.000 -9999.000 -9999.000 -9999.000 -9999.000 -9999.000 -9999.000 -9999.000 -9999.000 -9999.000 -9999.000 -9999.000 5.345 7.325 6.056 4.702 6.990 7.160 7.125 8.603 7.884 5.608 4.160 3.816 3.125 3.078 3.647 3.506 3.507 4.413 4.804 5.528 6.155 6.539 5.774 5.272 5.252 5.465 5.360 5.927 6.210 6.985 7.818 7.486 6.332 4.655 4.014 3.654 3.200 3.563 2.850 2.185 3.643 2.997 2.190 1.861 1.359 1.095 1.132 -9999.000 -9999.000 -9999.000 -9999.000 -9999.000
-9999.000 -9999.000 -9999.000 -9999.000 -9999.000 -9999.000 -9999.000 -9999.000 -9999.000 -9999.000 -9999.000 -9999.000 3.655 6.755 7.552 7.834 8.124 7.981 8.248 8.033 8.499 8.174 6.628 6.406 6.008 4.718 4.404 4.718 4.751 5.080 5.495 6.045 6.692 6.726 6.021 6.135 6.411 6.674 7.679 8.928 10.265 10.976 10.867 10.144 9.242 7.165 6.137 5.895 5.406 6.118 6.239 5.438 5.244 4.767 3.759 2.862 2.866 2.291 1.132 -9999.000 -9999.000 -9999.000 -9999.000 -9999.000
-9999.000 -9999.000 -9999.000 -9999.000 -9999.000 -9999.000 -9999.000 -9999.000 -9999.000 -9999.000 -9999.000 -9999.000 8.531 10.273 8.881 8.153 8.578 7.990 8.308 7.387 7.576 10.753 11.726 11.379 11.557 11.029 9.581 8.608 8.903 9.029 8.198 7.388 7.310 6.781 5.995 6.585 7.790 9.518 11.317 11.940 12.268 12.147 12.442 13.123 13.923 12.751 10.603 9.003 8.566 10.162 12.094 11.663 8.968 5.446 4.189 3.796 3.719 3.678 2.725 -9999.000 -9999.000 -9999.000 -9999.000 -9999.000
