test/input/morph/slope.asc
ncols                480
nrows                580
xllcorner      3451124.0
yllcorner      5321772.5
cellsize             100
NODATA_value       -9999
[rows 203 to 231 of 580, columns 192 to 255 of 480]
4.394 2.027 3.576 5.299 6.184 7.331 6.348 3.816 2.223 1.633 2.190 3.731 3.665 2.723 2.862 2.639 3.453 3.363 2.128 5.586 5.016 3.944 3.742 2.581 1.320 1.013 2.537 4.095 3.744 4.276 6.607 10.641 14.750 17.319 18.009 16.627 13.387 9.857 8.506 12.728 20.620 18.862 5.686 8.946 14.411 15.184 15.991 17.560 19.366 21.032 22.300 19.357 10.388 5.885 9.108 1.224 3.036 2.549 1.546 1.320 2.434 3.369 2.363 1.730
2.785 3.233 1.450 4.788 6.076 5.111 2.762 2.649 1.848 0.000 1.633 3.233 3.966 4.026 4.061 1.934 2.211 0.817 5.269 5.476 3.682 3.533 3.082 2.241 2.406 1.601 2.581 4.576 3.368 7.673 15.476 20.739 22.619 21.812 21.182 21.636 21.888 20.442 18.348 19.311 18.941 9.216 7.988 17.607 14.961 14.037 15.132 16.561 16.582 14.777 11.503 7.648 1.351 8.440 6.790 2.812 3.476 2.406 1.748 2.107 2.723 3.294 2.077 0.865
2.539 2.592 1.091 5.156 7.157 3.796 1.636 2.128 1.811 1.132 1.377 3.512 3.576 3.533 5.625 5.553 3.227 2.581 4.905 4.374 2.348 2.065 1.181 1.522 2.725 2.275 2.723 5.689 7.486 18.004 23.503 19.291 13.956 9.546 8.748 11.205 15.093 17.636 17.816 16.026 8.898 2.785 15.704 19.086 10.359 8.217 8.890 8.127 6.574 5.330 4.145 3.807 3.626 7.477 1.730 2.900 2.087 1.057 1.811 2.672 2.672 3.143 2.114 1.269
1.676 2.612 2.680 6.379 6.452 1.155 4.180 4.292 2.812 0.955 2.174 5.067 4.718 4.257 6.796 5.096 2.657 4.434 4.004 4.267 2.537 1.132 1.633 1.768 2.406 3.711 7.775 14.782 19.915 24.701 19.862 7.818 3.163 1.253 0.716 0.591 1.803 3.844 4.770 3.363 5.167 14.828 19.472 14.989 5.052 3.263 4.292 4.265 3.588 2.372 0.453 2.348 6.003 5.825 1.320 0.641 0.506 0.101 1.791 2.649 2.581 2.612 1.721 2.077
1.359 3.440 4.194 5.914 3.872 3.177 3.216 2.284 1.091 2.035 3.965 6.003 4.539 3.493 5.575 2.878 4.449 4.061 3.084 3.539 2.834 2.935 3.368 3.563 5.998 10.359 17.609 23.687 23.145 18.523 8.862 1.519 0.304 2.481 6.949 10.251 11.140 10.081 8.601 9.764 16.939 20.169 14.816 7.851 3.117 3.239 3.078 1.224 1.013 1.948 3.044 4.543 6.268 3.691 1.768 1.362 1.033 0.961 1.910 2.311 2.581 2.936 2.753 2.649
1.989 4.579 4.284 3.654 2.749 3.553 0.143 2.749 2.936 3.744 4.767 6.021 3.855 3.377 2.956 3.258 4.733 2.799 1.439 2.762 4.095 4.147 4.041 6.855 14.316 20.435 23.889 22.336 13.483 6.662 2.337 0.545 6.604 14.916 19.870 20.319 19.609 18.730 18.275 19.018 19.678 14.227 6.096 3.654 2.308 1.948 1.718 1.185 3.446 3.851 3.711 3.476 2.563 0.709 1.926 2.211 1.320 1.219 2.181 1.924 2.657 3.337 2.448 1.532
3.239 3.484 2.753 3.393 3.862 3.423 3.730 5.256 5.345 4.637 3.664 4.489 3.004 2.672 0.817 4.065 2.500 1.155 1.332 4.251 6.802 7.378 8.942 15.162 21.604 22.318 18.751 12.461 3.876 1.320 3.753 10.806 18.801 22.881 20.027 16.387 15.947 16.896 18.005 16.635 11.739 6.173 3.082 2.481 1.601 1.132 0.573 1.848 3.838 2.649 1.721 1.181 1.181 2.264 2.657 2.148 0.835 0.835 2.037 1.269 0.716 1.867 1.921 2.779
0.871 3.004 4.430 4.714 5.213 4.655 7.990 6.914 4.415 2.799 0.641 3.800 4.180 1.994 3.163 3.976 1.718 1.421 2.672 4.714 4.888 7.316 13.849 18.919 19.209 14.757 8.258 4.145 0.716 3.340 14.477 21.422 22.204 17.486 9.338 6.984 8.001 8.851 8.115 6.323 4.076 2.898 2.085 1.450 0.865 0.226 0.917 2.581 3.078 1.320 1.332 1.582 2.085 2.561 2.594 1.724 0.817 0.791 2.050 2.241 2.185 2.841 2.539 2.465
6.217 4.629 3.238 1.532 0.304 4.688 9.268 6.662 2.988 3.904 2.017 3.579 3.885 2.275 4.247 3.340 1.811 2.128 3.216 6.332 4.821 4.597 13.283 14.842 12.112 8.114 2.997 1.495 0.320 11.756 23.786 21.668 15.587 9.520 5.145 3.823 2.799 2.434 2.025 2.429 3.036 3.381 2.862 1.948 0.817 1.432 2.348 2.835 1.966 0.286 0.934 1.859 2.264 2.017 1.057 0.934 1.848 2.463 3.244 3.137 2.549 2.337 1.620 1.948
1.633 3.552 4.165 4.486 7.018 8.946 6.467 2.434 6.574 5.600 4.852 2.862 3.009 5.016 4.804 2.174 2.174 5.167 9.708 15.704 18.221 19.265 19.634 15.136 9.139 5.249 1.834 1.018 1.474 19.356 26.473 14.480 7.526 4.711 3.576 2.942 1.432 1.407 1.730 1.867 2.723 2.438 2.050 2.284 2.025 1.685 2.145 1.697 0.817 0.101 0.730 1.351 1.132 0.226 1.601 2.978 3.776 3.779 3.730 3.314 2.628 2.185 1.676 1.733
7.122 6.823 5.705 5.711 5.858 2.463 4.127 7.478 5.368 5.872 6.702 1.505 3.759 4.389 2.942 2.438 8.839 16.267 22.200 25.754 24.859 22.698 18.007 10.273 4.802 2.363 0.955 0.405 3.124 21.063 26.221 8.990 1.450 0.679 1.601 2.657 1.742 1.224 1.332 1.542 0.817 1.057 1.450 2.561 2.085 1.945 1.867 1.119 1.410 0.997 0.865 1.289 0.516 2.035 3.051 3.493 3.546 2.662 2.227 1.834 1.823 2.563 2.612 2.136
5.375 4.901 4.205 3.345 1.825 5.302 7.211 3.665 4.164 8.302 5.160 1.410 2.628 0.835 2.819 7.156 17.329 22.991 21.687 17.311 9.119 3.082 0.608 2.612 3.575 3.529 3.934 5.657 6.728 15.176 25.629 14.291 1.902 0.871 1.460 2.372 1.676 1.215 0.997 0.430 2.136 2.148 1.867 1.848 1.077 1.891 3.622 4.517 4.076 3.303 2.220 0.771 0.817 2.725 2.997 2.337 1.730 0.906 1.418 1.825 2.185 2.530 1.232 1.771
1.450 2.400 2.657 0.320 5.073 7.818 3.823 5.755 11.604 12.776 8.902 6.962 6.187 6.303 8.968 13.536 22.994 22.511 12.678 6.256 1.362 3.632 7.645 9.221 10.900 13.360 15.016 16.909 17.456 10.838 17.927 18.722 6.216 2.594 1.232 1.803 1.224 1.013 1.077 1.794 1.768 0.871 1.018 1.495 2.735 3.807 4.327 4.327 4.145 2.950 1.721 1.362 1.926 2.602 2.050 1.316 1.351 1.450 1.418 1.410 2.037 3.032 2.128 1.902
3.392 3.934 2.594 4.466 7.563 4.954 5.302 12.210 16.374 17.185 17.169 19.336 21.325 22.440 22.168 22.312 23.602 16.748 5.453 1.620 2.628 12.980 19.086 20.344 20.763 21.354 21.404 19.920 17.359 15.528 6.781 14.724 14.334 9.956 4.843 1.077 0.865 0.835 1.676 1.848 1.921 2.085 2.248 2.592 2.626 1.575 0.101 1.215 2.852 2.537 1.768 2.223 1.771 1.224 1.834 1.848 1.219 0.955 1.546 1.825 1.794 2.725 2.852 3.519
1.902 3.984 4.081 7.981 6.255 1.742 12.950 18.004 20.443 20.700 20.116 22.969 25.076 25.716 24.377 21.572 16.573 8.505 1.648 3.238 11.706 22.797 21.842 16.980 15.282 13.187 11.593 9.374 7.072 9.911 9.876 1.620 8.764 11.389 9.650 4.305 0.506 0.679 1.316 1.316 1.232 1.057 1.077 0.591 0.649 1.670 1.697 1.549 2.355 2.005 1.505 2.211 2.027 1.572 1.450 1.519 1.505 1.648 2.087 2.284 1.825 2.355 3.200 3.989
1.033 2.894 6.229 3.610 4.520 12.907 20.912 22.040 22.395 20.899 15.270 13.656 12.545 11.318 10.418 8.468 5.564 1.934 3.019 12.653 21.709 23.166 13.711 4.867 3.796 3.258 2.500 2.850 3.413 4.855 8.566 9.284 6.303 2.723 8.943 8.170 2.672 1.224 1.721 1.794 1.730 1.676 2.107 2.537 2.275 1.585 0.453 0.608 2.085 1.742 1.219 1.945 1.697 2.429 3.051 2.581 2.438 2.348 2.632 2.634 2.148 2.432 3.552 3.592
4.116 0.453 5.600 13.660 20.484 24.661 26.911 24.431 21.053 14.768 5.924 2.852 1.791 1.155 1.013 0.573 1.013 4.666 10.263 19.910 23.068 15.248 6.056 2.355 1.997 2.017 1.926 1.934 1.924 2.406 3.776 3.949 5.330 4.843 3.148 7.891 6.387 3.949 2.942 2.689 2.900 3.440 3.563 2.792 1.546 0.616 0.365 0.716 2.785 2.841 2.602 3.340 3.377 3.363 2.749 2.284 2.649 2.581 2.539 2.936 3.413 3.934 3.654 1.095
8.578 15.794 22.193 25.764 27.503 27.606 25.574 19.549 12.709 4.776 2.167 5.239 6.957 5.799 3.228 3.682 8.494 15.474 19.743 22.306 18.198 6.815 2.363 1.848 1.421 1.359 1.407 1.505 1.542 2.128 2.799 2.264 2.672 4.047 3.328 2.017 5.782 6.268 5.019 3.816 3.709 3.488 2.229 1.418 1.269 0.906 1.132 2.581 3.748 3.339 2.308 2.481 1.902 1.439 1.585 1.407 1.803 1.505 1.362 3.714 4.452 2.725 0.418 3.392
24.261 26.862 26.205 25.674 24.554 20.469 13.407 5.590 1.633 6.635 12.612 17.810 19.641 16.945 9.696 12.758 19.161 22.858 21.566 17.496 9.935 1.989 1.269 1.934 1.989 1.721 1.119 1.825 2.164 1.966 2.936 1.834 0.737 1.861 3.563 2.978 1.297 3.484 4.027 3.576 2.898 1.791 1.648 1.585 1.377 1.269 2.264 3.042 3.143 1.867 0.453 1.633 2.065 2.185 2.330 2.065 2.735 2.533 2.050 5.292 3.437 2.632 4.520 4.637
24.408 24.528 21.454 18.394 13.859 5.914 3.553 8.545 11.852 18.163 22.359 22.783 18.416 19.634 10.546 19.439 21.724 18.934 12.280 7.327 3.460 1.362 1.297 1.948 2.779 2.227 1.685 1.934 2.181 1.043 2.835 2.950 0.934 0.365 1.966 3.453 2.128 1.297 0.453 0.616 0.203 0.516 1.505 1.407 1.132 1.519 2.330 2.248 1.585 0.608 0.934 1.332 1.432 1.768 2.037 1.057 1.910 2.506 3.759 4.714 2.592 5.705 4.584 3.632
21.920 18.023 12.315 6.048 3.044 12.030 16.062 16.804 19.234 22.230 18.839 9.947 8.946 17.027 6.610 20.741 15.048 8.727 3.759 2.220 1.825 1.883 1.439 1.418 2.463 2.330 1.421 1.997 1.794 1.236 3.764 3.682 0.955 0.997 1.921 2.841 2.898 2.626 2.025 1.648 1.146 0.771 1.043 0.906 0.679 1.033 1.572 0.934 1.013 0.771 0.226 0.961 1.132 1.585 1.945 1.450 2.050 2.639 5.051 2.950 3.228 3.632 2.563 2.229
11.878 5.561 2.819 11.719 21.148 25.287 25.333 24.871 22.384 12.448 3.368 12.139 12.847 8.407 14.983 19.463 8.350 3.244 1.910 1.966 1.661 1.648 1.948 2.048 2.136 2.549 2.050 1.768 1.955 1.794 3.939 3.776 2.087 2.087 2.337 2.880 2.764 2.689 2.264 1.585 1.013 0.101 0.641 0.737 0.320 0.716 1.146 0.865 1.033 1.253 1.091 1.219 1.633 1.823 1.966 1.825 1.633 1.883 5.353 3.434 3.654 5.033 2.632 0.955
5.823 10.645 15.676 21.895 26.957 24.543 21.586 18.350 12.098 11.865 13.374 6.292 3.704 13.003 19.164 13.068 4.666 3.200 3.089 3.084 2.799 2.229 1.825 2.027 1.733 2.308 2.639 2.136 1.359 1.955 2.649 2.862 3.481 3.004 2.674 2.662 2.027 1.721 1.572 0.997 1.181 0.453 0.771 1.421 1.359 1.421 1.718 1.670 1.351 1.351 1.013 1.114 2.017 1.926 1.924 1.934 2.128 2.740 4.116 3.844 0.101 5.105 4.070 1.114
14.830 18.290 20.637 23.510 23.176 14.245 6.995 1.185 6.332 17.169 12.365 9.281 13.458 12.968 10.327 3.956 1.966 2.448 1.994 1.648 2.077 2.264 2.077 1.474 1.460 1.505 1.474 2.471 3.124 1.934 0.716 2.530 3.009 2.167 1.648 2.446 1.771 1.132 1.934 1.748 2.037 2.672 2.586 1.601 0.226 1.994 3.337 2.762 1.825 1.132 0.716 1.013 1.859 1.771 2.087 3.037 3.808 3.169 1.281 2.962 3.032 5.073 3.719 1.332
20.635 23.480 23.962 22.122 16.037 5.739 3.934 3.796 5.880 14.832 11.228 7.518 9.208 5.067 5.067 2.434 1.636 1.542 0.997 1.219 1.450 2.563 3.138 0.911 1.155 1.685 2.128 3.413 2.612 1.377 2.220 1.955 1.224 1.253 1.377 2.438 1.721 1.095 2.017 2.370 2.514 3.005 2.471 1.219 1.549 3.177 4.244 2.898 2.107 1.359 0.859 1.421 1.934 2.284 2.823 2.465 2.010 0.817 1.185 2.128 4.106 6.039 4.955 4.792
22.036 23.376 19.287 12.818 5.879 2.950 5.356 5.214 4.905 10.177 12.536 8.636 2.935 6.682 7.694 4.549 3.037 2.236 1.648 1.575 1.861 3.037 2.549 1.224 1.432 2.725 3.965 2.779 0.143 1.994 2.037 1.155 1.155 1.155 1.269 2.355 1.648 0.859 0.911 1.132 0.516 0.000 1.407 2.500 3.363 4.449 4.251 1.989 1.320 1.018 1.505 2.602 2.337 1.834 1.633 2.446 3.626 3.037 1.407 1.633 3.654 4.251 4.176 4.319
15.442 12.780 5.924 2.185 0.649 3.939 6.543 6.517 2.370 4.927 10.218 12.264 11.284 6.433 3.719 4.976 4.987 3.476 2.220 1.768 0.871 2.264 1.966 1.601 1.825 3.413 3.682 0.320 1.861 1.620 1.359 1.418 2.291 1.633 1.057 1.803 1.236 0.365 0.997 1.232 1.269 1.825 2.649 3.864 4.566 4.759 3.263 1.575 1.825 2.723 3.168 1.721 0.143 1.407 2.363 2.657 2.725 2.921 2.639 1.636 2.942 2.657 3.019 1.791
7.664 4.475 2.400 1.410 3.078 5.781 6.569 4.517 2.361 3.393 3.529 4.637 6.773 7.205 4.319 1.219 5.249 3.647 0.871 1.418 1.155 2.370 1.955 1.219 1.620 2.581 1.994 1.921 2.035 1.155 0.516 1.269 3.434 2.561 1.945 1.670 1.332 1.320 2.027 2.363 2.174 2.085 2.740 3.927 4.097 3.082 1.236 0.506 1.289 1.219 0.320 1.867 1.771 1.219 0.573 0.453 0.817 1.924 3.308 1.033 3.200 2.248 2.406 2.370
4.157 2.025 1.926 3.314 7.353 7.456 4.246 1.219 3.296 2.586 2.211 2.136 3.161 3.239 4.508 2.087 4.792 4.149 0.817 0.616 0.716 2.017 1.768 1.549 1.633 1.077 1.224 1.316 0.835 0.649 0.453 1.155 3.939 3.507 1.542 1.825 2.211 2.406 2.662 2.463 1.948 2.037 2.634 3.682 3.363 1.811 0.859 0.506 1.269 2.672 3.124 2.037 0.817 0.545 0.591 0.101 1.253 2.415 4.682 0.911 3.168 2.284 2.990 3.143
