test/input/morph/slope.asc
ncols                480
nrows                580
xllcorner      3451124.0
yllcorner      5321772.5
cellsize             100
NODATA_value       -9999
[rows 493 to 521 of 580, columns 128 to 191 of 480]
11.114 6.920 3.303 0.791 1.018 1.332 1.155 1.623 2.799 4.441 4.826 5.052 3.709 1.924 2.823 2.657 2.628 6.521 5.160 4.301 8.764 8.333 6.115 0.320 4.352 3.576 2.942 2.581 1.636 2.894 2.500 2.947 3.269 1.289 2.438 3.848 4.061 4.449 4.666 3.676 0.709 5.084 6.922 8.161 9.830 7.174 1.721 0.616 0.226 0.817 0.453 0.730 1.924 3.453 3.876 4.711 3.457 2.337 3.239 2.530 2.174 2.581 3.413 4.818
9.483 4.458 1.320 0.453 1.320 0.226 2.383 2.935 2.936 2.275 1.721 2.725 2.841 2.504 3.151 2.313 2.806 6.195 3.294 5.960 9.383 7.223 3.588 2.490 4.901 3.585 1.823 1.003 1.934 3.143 3.494 4.543 5.742 5.239 5.194 5.348 3.719 1.834 1.582 5.003 6.983 6.896 4.597 3.553 8.013 7.483 2.753 2.406 1.803 0.871 0.203 0.545 2.446 3.934 3.664 3.742 2.779 1.718 2.672 1.997 2.128 3.096 3.533 2.997
9.054 4.526 1.450 0.649 0.716 1.232 2.025 2.248 1.623 3.177 5.996 7.844 8.400 8.101 6.791 3.542 3.576 6.712 3.220 5.644 8.996 8.494 7.653 7.134 5.108 2.025 0.817 1.921 3.512 4.835 4.576 4.342 5.194 5.569 6.099 7.752 7.767 7.055 9.251 8.764 5.292 0.679 3.844 5.762 6.332 4.673 4.991 5.067 3.163 1.155 0.865 1.181 2.877 3.872 2.581 2.586 2.370 1.966 3.161 2.857 3.200 1.948 1.119 2.220
7.361 3.540 2.050 0.679 0.320 1.091 1.546 1.519 1.910 5.896 7.566 7.956 7.185 7.861 8.252 5.413 4.851 7.890 5.121 2.866 5.657 8.454 9.552 7.018 3.944 1.633 0.506 1.542 1.095 1.224 1.636 1.883 3.004 2.962 3.377 2.942 6.815 9.182 6.914 3.377 4.234 4.987 5.341 3.776 2.561 3.754 3.731 4.145 3.754 1.185 1.316 2.017 3.200 3.622 2.355 2.753 2.555 2.779 4.901 4.056 1.522 1.582 2.723 2.723
4.901 2.128 1.803 0.730 0.817 2.229 2.878 2.672 3.009 5.944 2.530 2.220 4.160 5.553 5.473 4.659 5.121 9.409 11.667 9.585 6.662 3.460 1.910 5.156 4.169 2.878 1.721 2.050 2.639 2.950 3.044 3.754 5.361 5.115 3.032 1.859 3.363 2.586 1.505 4.682 6.450 3.484 1.542 3.401 3.200 1.825 2.628 4.319 3.314 0.616 0.911 1.948 3.481 3.939 2.779 3.585 3.949 4.759 4.676 1.095 2.406 2.852 2.223 1.546
1.155 0.771 1.077 0.955 2.448 3.252 2.680 2.145 4.165 6.955 7.504 7.762 4.897 3.228 3.345 5.292 6.658 7.927 9.399 7.731 3.036 4.011 3.303 4.376 7.112 8.015 6.728 4.413 2.181 1.891 3.864 4.934 4.452 2.220 2.330 4.588 1.966 2.148 2.898 5.044 5.302 2.988 3.904 2.976 3.168 3.844 3.711 3.363 2.898 2.148 3.044 3.904 4.548 4.934 4.050 4.751 5.454 4.955 1.316 2.533 2.689 1.439 1.351 0.810
2.762 0.679 0.506 1.825 2.735 1.834 0.955 1.236 2.128 4.637 4.877 2.504 1.185 2.114 2.950 3.523 3.277 2.735 4.430 6.822 4.076 3.059 4.126 1.232 3.949 6.246 7.115 5.977 2.500 1.883 4.160 2.823 0.865 4.430 5.792 3.413 0.906 3.512 4.603 3.711 2.898 2.152 1.320 2.275 3.558 5.689 4.576 3.169 3.927 3.476 3.655 4.047 4.476 5.868 6.023 5.729 4.150 1.948 1.733 2.753 0.641 0.649 1.077 0.506
5.955 1.934 1.077 1.013 1.861 5.051 6.045 4.917 1.697 0.304 1.859 4.698 3.851 3.032 1.867 0.771 2.866 4.770 4.791 4.327 4.751 4.666 4.588 3.976 3.363 1.132 4.284 7.478 4.007 3.239 4.076 1.219 3.078 4.955 3.005 1.236 0.730 4.689 5.834 2.025 1.351 1.450 2.050 2.227 2.370 6.177 6.076 4.319 6.184 6.063 6.362 6.182 4.701 4.486 3.319 2.035 3.507 4.041 2.167 1.269 0.906 0.865 0.817 0.203
6.450 2.921 1.966 3.563 6.539 7.477 7.569 8.407 5.413 2.672 1.823 4.930 3.453 2.806 3.610 2.878 3.413 6.396 5.112 1.902 2.087 3.647 3.457 3.009 4.046 3.709 1.966 7.063 5.948 5.060 2.725 1.219 3.200 3.227 1.332 2.779 1.155 4.543 5.711 1.289 1.867 3.239 5.111 8.151 11.096 12.212 9.366 6.879 6.980 5.586 5.144 3.647 1.549 2.025 4.160 4.801 3.714 2.819 2.733 0.817 1.114 0.911 1.119 1.043
5.516 1.867 2.361 4.757 4.676 2.438 2.050 6.455 7.720 6.406 4.770 3.294 4.233 1.057 2.850 2.880 4.169 8.025 5.569 1.450 1.155 3.078 2.862 2.037 4.000 4.762 1.771 3.722 2.862 2.947 2.812 3.488 2.448 2.128 1.033 3.667 4.047 5.810 5.100 2.128 4.489 8.188 11.411 12.538 11.093 8.545 5.545 3.216 3.239 4.189 3.753 3.446 2.880 1.232 0.817 1.018 1.633 0.906 2.446 2.313 0.226 0.817 0.865 0.641
3.441 0.203 2.662 3.337 1.670 0.304 0.961 1.742 3.927 5.375 5.051 2.087 2.878 3.748 2.942 4.125 6.922 8.090 3.176 1.146 1.542 2.735 3.063 2.434 3.779 4.364 2.680 1.601 1.620 2.733 2.866 5.466 5.711 3.855 2.107 4.380 4.733 4.357 4.449 5.975 12.344 15.711 12.745 5.368 1.721 4.791 3.927 2.779 3.009 4.292 4.673 3.228 1.253 2.264 2.330 1.219 0.506 1.219 2.229 2.229 0.616 0.716 0.865 1.582
0.716 1.519 2.311 2.919 1.215 1.146 1.146 1.003 0.616 2.594 4.071 4.466 4.441 6.463 6.469 7.354 7.260 4.095 2.639 2.753 1.848 1.867 2.128 2.077 2.956 3.019 2.085 0.516 1.432 2.229 1.450 2.632 5.729 6.992 4.342 2.400 4.169 5.854 9.349 12.700 13.597 7.966 1.926 7.569 6.463 4.793 3.540 1.768 1.219 1.155 2.050 1.883 1.661 2.695 1.921 1.119 0.835 1.421 2.764 2.181 1.077 1.460 1.791 3.233
2.514 1.721 1.410 3.009 0.906 2.962 1.332 1.057 1.362 4.830 6.058 5.785 4.792 5.629 6.352 5.948 2.639 1.269 1.685 1.771 2.085 2.463 3.252 3.345 2.762 1.661 2.027 2.561 2.087 2.027 1.450 0.649 2.372 5.782 6.558 2.114 2.555 11.959 15.098 7.486 2.841 8.961 10.393 7.018 1.861 3.220 3.363 2.077 1.505 0.859 2.077 2.010 1.181 2.337 2.148 0.730 0.418 0.817 2.962 2.950 1.297 1.146 1.585 3.965
2.976 1.410 0.203 2.880 5.214 5.195 4.125 3.844 5.369 6.966 6.367 4.065 2.248 1.718 1.825 0.679 2.370 2.639 2.594 3.363 3.294 2.537 2.389 2.050 1.825 1.910 2.389 2.725 2.330 2.148 2.114 1.351 2.720 2.649 7.370 4.889 2.037 16.857 15.491 4.718 8.800 8.043 4.877 1.633 2.465 3.552 2.988 1.803 1.575 0.859 1.945 1.861 1.215 1.948 1.910 0.516 0.716 1.332 2.448 3.542 2.308 0.955 1.219 4.792
2.190 1.505 2.229 3.494 5.272 4.877 6.058 7.813 8.161 6.652 3.956 0.716 1.661 2.581 3.009 3.228 3.519 3.678 4.867 6.827 7.370 5.167 3.553 3.009 3.044 1.989 0.771 1.519 1.791 1.742 2.107 1.269 3.512 4.131 6.980 8.324 4.194 17.839 14.459 8.423 9.003 0.730 2.463 3.437 3.263 3.124 2.355 1.320 1.575 1.181 1.546 1.095 1.155 2.037 1.994 0.917 1.253 1.633 1.636 2.962 3.345 1.948 1.926 6.096
2.799 2.330 3.063 2.749 2.539 1.421 2.530 3.328 2.313 0.835 1.825 3.368 4.067 4.292 4.361 4.327 4.342 3.678 2.372 3.239 6.056 5.909 4.050 2.363 2.148 2.181 1.450 1.648 1.823 2.348 2.936 2.448 4.877 6.634 6.023 12.269 12.696 14.909 10.208 5.554 9.178 2.762 2.672 4.576 3.481 2.753 1.945 1.013 1.910 1.891 1.522 1.119 1.119 1.519 1.585 1.281 1.522 1.281 0.573 1.601 3.263 2.649 3.352 7.516
0.453 1.572 2.689 2.229 2.689 3.802 4.571 5.333 5.785 5.718 5.226 4.737 4.126 3.303 2.649 2.077 1.733 0.997 4.176 4.880 4.548 4.011 3.176 2.145 1.989 2.438 2.806 3.044 2.594 2.594 3.143 3.558 8.605 8.562 5.240 7.721 9.796 6.175 4.779 5.341 7.905 2.586 2.639 5.174 3.592 2.361 1.648 1.297 2.448 1.768 1.091 0.934 1.018 0.961 0.771 1.546 0.871 0.730 0.453 0.679 2.602 3.665 8.414 12.141
1.219 1.794 2.935 2.701 2.514 3.084 3.791 4.223 4.091 3.381 2.471 1.219 1.018 2.145 2.500 3.314 4.361 6.063 6.861 5.322 5.017 4.319 3.051 1.966 1.013 0.997 1.077 1.825 1.132 1.132 2.190 3.369 10.691 8.121 2.148 5.051 6.352 6.292 5.429 2.563 5.379 1.033 2.400 5.009 3.369 2.167 1.575 1.582 2.434 1.377 1.155 0.859 0.791 0.545 1.232 1.119 0.716 1.332 1.316 1.185 2.264 7.089 11.938 14.589
0.835 0.955 1.948 1.450 0.771 1.377 2.005 2.295 2.190 2.561 2.898 3.626 4.858 4.767 4.571 4.614 5.044 5.398 3.956 2.628 3.753 3.984 3.539 2.900 2.674 3.216 3.682 4.000 3.891 3.764 3.363 2.481 7.776 10.456 9.760 9.108 9.167 7.032 7.713 4.861 8.562 6.387 2.990 3.871 2.956 2.361 1.859 1.742 2.363 1.362 1.297 0.955 0.591 0.506 1.439 0.679 2.010 2.921 1.867 1.359 2.898 7.676 9.837 10.753
2.065 2.762 3.377 2.950 2.639 2.812 3.200 3.665 3.722 3.667 3.575 3.615 3.446 2.370 2.446 2.753 2.997 3.078 2.241 2.634 3.453 2.530 2.174 2.275 2.632 2.753 2.383 2.136 1.132 0.679 0.771 1.359 4.026 6.728 6.275 4.223 3.151 5.663 10.584 6.604 1.633 4.571 6.284 4.180 1.966 2.087 1.910 2.025 2.577 1.439 1.013 1.091 0.679 1.018 1.077 2.308 3.484 3.626 3.089 3.117 4.659 7.266 8.518 11.047
3.990 3.730 3.709 3.168 3.143 3.004 2.762 2.988 3.369 3.844 4.117 3.802 3.392 2.898 2.898 3.200 2.976 2.463 1.811 2.048 2.295 1.013 1.232 1.185 1.697 2.313 2.762 3.351 3.807 3.871 3.078 1.771 1.410 1.718 1.505 1.861 2.077 4.653 9.552 10.335 8.369 4.526 2.866 3.238 0.365 1.883 2.077 2.005 2.530 1.542 0.934 1.585 2.639 3.744 4.267 4.576 3.337 2.592 4.095 7.788 10.365 12.593 13.530 13.710
2.834 2.639 2.136 0.911 0.679 0.365 0.791 1.320 0.810 1.670 2.264 2.017 1.989 1.351 1.320 1.505 0.573 1.119 1.450 2.136 3.484 3.647 3.481 3.864 4.366 4.672 4.813 4.597 3.488 2.563 2.446 1.297 1.582 1.546 0.997 1.269 0.917 1.994 4.970 4.843 5.569 8.366 2.753 3.519 0.430 1.883 2.308 1.883 2.005 1.407 0.516 0.865 1.620 1.768 2.672 2.264 1.043 0.304 5.461 9.541 10.055 12.131 11.613 7.675
1.542 1.519 1.450 2.077 2.735 3.084 3.009 2.701 1.095 1.091 2.236 2.126 1.351 1.505 2.145 2.370 2.434 2.935 3.512 3.872 4.233 4.490 4.310 4.076 3.722 3.540 3.228 3.138 3.363 3.542 3.753 2.330 2.148 1.721 0.143 0.730 1.185 1.181 3.949 4.490 4.543 7.721 3.848 1.685 0.506 2.087 2.762 2.581 2.328 1.633 0.871 1.033 1.572 2.181 2.602 1.861 1.359 1.132 8.624 9.113 3.776 6.790 6.023 6.158
0.608 2.010 3.369 3.579 3.019 2.530 2.841 3.764 1.661 0.320 1.332 2.438 2.311 2.471 2.976 3.351 3.005 3.576 4.609 4.646 3.763 3.576 3.214 2.220 1.377 1.091 1.407 1.281 1.146 2.581 3.435 2.749 3.104 2.581 0.961 1.733 1.332 1.219 3.678 3.602 3.446 5.748 4.804 0.679 0.616 3.078 4.076 2.533 1.155 0.591 0.203 0.320 0.771 1.091 1.834 2.035 1.316 1.236 9.446 8.744 3.042 5.976 7.483 8.188
1.572 2.465 3.032 2.894 2.308 1.432 2.862 3.399 2.284 2.434 2.506 3.314 4.081 4.233 3.744 3.529 3.161 3.200 2.764 2.211 1.768 1.155 1.771 1.474 1.432 2.348 2.634 2.530 2.898 2.921 2.649 2.164 3.004 3.005 1.495 2.229 2.490 3.269 4.352 3.163 2.762 3.787 4.955 2.481 0.516 4.385 4.792 0.453 1.013 1.215 0.649 0.817 0.418 0.203 0.817 1.572 2.087 1.861 8.323 7.831 2.220 3.558 3.985 4.441
1.623 1.948 1.924 1.572 2.355 2.005 2.592 2.432 3.151 3.381 2.935 2.672 2.434 1.945 1.633 1.601 0.730 1.018 1.742 2.581 2.530 2.128 2.048 1.155 1.320 2.639 2.337 2.229 2.448 2.465 3.263 3.435 3.263 3.078 2.662 3.051 2.530 2.581 3.493 2.634 2.136 2.010 3.709 4.027 1.825 4.209 3.434 1.620 0.865 1.648 0.453 0.365 0.810 0.573 0.616 1.269 2.894 2.174 7.204 7.266 0.934 1.733 0.730 1.219
0.817 1.661 1.359 1.033 2.612 2.152 1.542 1.351 0.791 1.003 1.421 1.859 2.025 2.490 2.689 2.762 2.657 2.792 3.019 3.176 2.880 1.921 1.219 0.835 1.450 2.672 2.148 1.803 1.867 1.460 1.945 1.803 1.861 2.010 1.859 2.549 2.481 2.406 3.553 2.950 1.997 2.145 2.880 4.027 2.612 3.073 3.263 2.190 1.572 1.811 1.219 1.013 1.155 0.934 0.730 1.091 2.514 2.145 7.560 7.419 1.132 1.219 0.226 5.001
0.730 1.077 1.359 2.657 2.942 2.236 1.532 1.572 1.676 3.244 4.000 3.363 2.894 3.124 3.258 3.519 3.363 3.084 3.399 3.665 3.228 2.799 2.372 1.771 1.721 2.264 1.883 1.505 1.859 1.794 1.848 2.725 3.453 3.195 3.214 3.844 3.904 3.044 3.440 3.891 4.011 3.851 3.239 2.465 1.721 3.117 3.314 2.211 2.337 1.623 1.948 2.107 2.361 2.050 1.519 1.057 1.432 1.768 7.736 7.611 2.463 1.733 1.921 8.834
2.672 1.546 1.359 2.330 2.136 1.623 1.219 0.616 0.545 3.283 3.036 1.505 2.355 3.104 3.216 3.488 3.216 2.956 3.529 3.592 2.935 2.894 3.084 2.657 2.128 2.634 2.634 2.284 1.834 0.865 0.608 1.119 2.370 2.114 1.033 1.219 2.295 1.867 3.037 4.475 5.367 4.251 1.095 1.859 1.948 1.948 2.181 1.891 2.330 3.036 2.450 0.716 0.649 1.495 1.721 1.181 0.716 1.505 5.384 7.767 5.855 3.523 3.776 8.195
