post-proc/GIS2FEM/test_case/recharge-monthly.asc
ncols         80
nrows         72
xllcorner     4374000.0
yllcorner     5656000.0
cellsize      500
NODATA_value  -9999
[rows 26 to 51 of 72, columns 0 to 56 of 80]
-9999 -9999 -9999 -9999 -9999 -9999 -9999 -9999 -9999 -9999 -9999 -9999 -9999 15.7990193528 16.3174293061 16.3995912923 14.3073569456 14.151934686 14.0044164569 13.5749615109 13.92972706 14.3642607716 14.733257679 12.6497502499 10.9923198438 9.88492965996 9.46473430454 8.49358574214 9.05452770138 9.43840746883 9.30542302066 9.0602631964 7.87920181229 6.73308327483 7.22425765849 4.47783115599 8.25603721495 7.05546729989 6.19945045658 4.6424489672 3.62335239088 4.27281337333 3.57361354285 4.43855539322 5.04031443969 5.97666730362 7.02290649239 6.86859018934 4.52625744596 3.21739111288 2.7158755181 2.82953861026 3.24481724453 3.5624520894 3.72585256416 3.1776134945 3.02755525959
-9999 -9999 -9999 -9999 -9999 -9999 -9999 -9999 -9999 -9999 -9999 -9999 -9999 -9999 15.8086258692 15.647281037 13.636178427 13.5984881379 13.9528462711 14.3119402707 14.1871122734 14.853356492 14.6928662173 14.308286322 10.1227419379 9.98946077597 10.528367959 10.9818560227 9.69636586335 8.70726683045 9.54270549284 11.0818932047 8.8119931463 8.27895723033 7.17309006425 6.62529808006 8.1529255938 5.84914131564 5.2290633845 4.72819053395 3.84561033096 4.02991037284 4.62774855971 3.9274508568 3.35732253296 3.70550725328 3.83126646726 4.11204861115 2.89264487928 3.13832542437 2.94992689324 2.4432743954 2.53281709622 3.48667855718 3.57830619573 5.51697701475 6.40929400863
-9999 -9999 -9999 -9999 -9999 -9999 -9999 -9999 -9999 -9999 -9999 -9999 -9999 -9999 5.17506820161 10.8313814446 13.4528351382 13.5098268202 13.5500676297 13.7157898243 14.1464825555 14.0844686386 13.5073938743 14.5612283954 11.2522746062 11.3920677022 10.0477045453 10.1230487337 11.0760696089 11.2666498515 9.40857941354 5.55887896173 8.68474709508 10.7168232189 8.2437899364 5.3329004349 8.3758909801 5.13649641569 4.83901234238 4.80757540032 3.61104286133 3.88257850309 3.9877583326 4.43959907038 4.53985857837 3.98279345682 3.45915616583 3.26921897048 3.3452655722 3.2934433256 3.69408527677 4.05872561996 4.35213821168 4.87011275083 5.21658604814 6.02866691759 7.48008458655
-9999 -9999 -9999 -9999 -9999 -9999 -9999 -9999 -9999 -9999 -9999 -9999 -9999 -9999 7.93009178894 11.576491171 13.97905294 14.0340687707 14.0286286475 13.9720140612 13.9846672496 14.2403734422 14.6481702084 14.1278278921 10.4356260705 10.0799948594 10.7101579226 10.8454739201 10.4008129697 10.83976433 10.9460627086 10.4674361872 8.35994159184 9.61141117117 11.7578275951 4.59856891555 6.20146488258 9.17110306111 3.36471778815 4.49997304354 3.52956126904 3.89528753455 3.67165767799 3.75052406969 3.71650990173 4.04460977525 3.77259499525 4.56378866428 5.25958696605 5.91164399215 5.57659762405 4.25853601206 5.48398567199 5.17189504873 4.31452102347 4.76266649533 4.02367338709
-9999 -9999 -9999 -9999 -9999 -9999 -9999 -9999 -9999 -9999 -9999 -9999 -9999 -9999 17.71833994 16.7213613659 14.6716744519 14.7648634548 14.3503725867 14.8000662668 14.0603804116 13.8453179582 13.9975506403 13.7892880019 10.0421669081 10.3926574392 10.3720230869 11.2794444979 11.1259825678 10.8214699474 11.1681787207 11.5913437454 8.82821469109 6.07620150707 4.66814867832 4.69485615575 4.57146714178 8.9435189433 4.21165684246 5.7284917789 5.60560822016 4.19771576709 3.42011609074 3.62683724742 3.4966260782 3.79851030795 5.26951373658 6.30408608461 6.63256237729 7.27884765556 6.13930176218 6.73824482431 5.30328221387 5.09939228812 4.4970455606 3.97751609541 3.99884910088
-9999 -9999 -9999 -9999 -9999 -9999 -9999 -9999 -9999 -9999 -9999 -9999 -9999 -9999 -9999 15.9800864352 14.0459614743 13.7272454251 14.3830173801 13.3343377444 13.0881283591 13.3254821895 13.8827314436 13.8943118369 10.0479426832 10.432593728 10.3199168134 10.5959482763 6.9553177609 10.6252945897 10.3366689768 10.28055909 7.62240379528 6.1804083975 4.83490763639 4.85577595989 4.8323237777 4.79312724898 4.76491247888 4.43649870085 3.57941819218 5.18358399252 3.41976803447 3.41473729803 3.70742980361 4.08116973333 3.90884355641 4.16346513721 2.92569656905 3.37089280917 2.8155871387 2.59077861149 3.75540763629 5.31027912555 5.07794184221 5.02650862268 4.17444853588
-9999 -9999 -9999 -9999 -9999 -9999 -9999 -9999 -9999 -9999 -9999 -9999 -9999 -9999 -9999 -9999 14.9604772069 14.4732259389 14.4487942647 15.742538957 15.7224708768 15.5245211437 14.780198087 14.3155735402 10.5149605373 10.2012078932 10.3027069198 9.43774238849 6.54274357148 10.1284802746 12.0038716829 8.4428361312 5.23719932177 3.55237013965 4.72616841418 4.93959103877 4.96524033794 5.13255553159 5.13447763056 6.71522540769 8.47816960583 7.97229579094 7.21406952558 3.79555053627 3.07405910765 2.51694533657 2.3933255388 4.26143750814 2.72876656636 2.24376865466 2.77065128622 3.851088439 2.91238141909 2.50543139957 2.7705840393 2.53017904722 2.49126059548
-9999 -9999 -9999 -9999 -9999 -9999 -9999 -9999 -9999 -9999 -9999 -9999 -9999 -9999 -9999 -9999 15.7827527691 15.6112334633 15.749667123 15.5168272592 14.7438341342 15.1103928722 15.1046176618 14.485203423 10.432437334 10.8295991529 10.6040215923 10.408488265 6.97021219195 9.39679814128 7.3104581755 5.51062366085 5.17440621765 3.96601911324 5.05932324177 4.82204303057 6.09704256093 5.11484006944 5.09870172898 5.3567833527 6.41902972918 5.69135444542 7.0790365708 6.71246605727 5.68871510319 4.45527444445 5.58063289537 4.8937922549 2.25892604301 2.62527710262 3.23402583019 3.36271683602 3.85029425326 4.0447550841 4.63163803849 3.57321777456 2.50969717138
-9999 -9999 -9999 -9999 -9999 -9999 -9999 -9999 -9999 -9999 -9999 -9999 -9999 -9999 -9999 13.5148192108 13.7111469791 14.3056169178 14.9967683718 14.6868112372 14.6711714482 14.4494413985 14.6008838867 14.2758681088 10.0850823394 10.4296545989 10.4874251327 10.583396754 8.5671813375 10.5275437612 11.3273602002 11.4852031395 9.02965357104 6.9603491623 6.531679226 7.17185944386 8.25786608324 8.54543829638 8.30952148367 4.83959197689 5.65807898895 4.42150570003 3.26427787486 3.2144334109 4.57348450835 3.71679230311 4.44202067427 4.39385015652 3.48015122457 3.77352501344 2.95901203205 2.44789345964 2.45544009804 2.68276372145 2.73677861112 2.803078016 3.37142082203
-9999 -9999 -9999 -9999 -9999 -9999 -9999 -9999 -9999 -9999 -9999 -9999 -9999 -9999 14.533472205 14.135137084 13.9466081161 12.9916208958 13.7492025041 14.3542614361 14.4824243886 14.8357357849 14.5877978629 14.7155745535 9.98869795556 9.90177763324 9.97059995741 10.2253936682 10.8568040636 10.8768940682 10.8362528812 10.9976018703 7.47435668728 7.02011325057 7.74904836958 10.0034520221 7.95229728297 6.99184117895 6.82717595891 8.41438090154 5.42152824513 2.78886865677 2.48794394068 2.70491501027 3.00983949221 2.67897673929 4.43805121235 4.62536813334 3.68986843404 3.12734546823 2.68817640752 2.66726808366 2.60171196485 2.55168818642 2.31012136273 2.42888301937 2.73286040893
-9999 -9999 -9999 -9999 -9999 -9999 -9999 -9999 -9999 -9999 -9999 -9999 -9999 -9999 14.9095984108 15.3341386906 15.0383262845 13.1052017066 11.9183643202 12.5219211073 13.6565802339 14.4206029956 14.2703699862 14.4767285084 10.2460414711 9.7042159761 9.07854295707 9.25546245266 10.1360866662 11.0734824471 11.411241079 11.2908597287 6.79410868852 6.3571390031 6.49907247818 8.2392498381 9.27824205035 10.5607660679 8.25976233196 8.38529710043 6.61512537222 6.19394434801 3.97306873575 3.69516665927 4.08967714228 2.83540838782 4.41770299852 5.94741765181 4.47039848028 4.85491324334 4.69778226761 4.66633012786 3.89678490205 3.52884413676 3.93625380127 3.81503829296 3.12835605865
-9999 -9999 -9999 -9999 -9999 -9999 -9999 -9999 -9999 -9999 -9999 -9999 -9999 -9999 -9999 -9999 15.2700140845 14.9779502297 14.9837444333 14.8013227209 14.2776107294 13.9631543912 14.9727911943 14.9446855872 10.5247114825 9.33803932308 7.32817851193 7.58551532711 7.99258289167 9.46867393589 10.7778556351 9.86201359246 6.40320754836 5.74553164991 6.41530054797 6.45613255539 7.78368791216 7.13056397603 9.57277364635 8.96704169121 4.5143287066 4.29838052149 6.86512765077 5.84640993583 3.25711909932 3.67547647516 3.73055759906 4.05485563569 3.348419328 3.71443775018 3.52642823173 3.60986622985 3.46739599569 3.10321532312 2.38052707945 2.49513587551 3.40744174673
-9999 -9999 -9999 -9999 -9999 -9999 -9999 -9999 -9999 -9999 -9999 -9999 -9999 -9999 -9999 -9999 14.8538360119 14.5202162255 14.5440759008 12.6826224138 13.6710983732 14.0203312723 13.9920169727 14.2942566589 10.6984964773 9.49186107265 9.09837453856 8.862607287 9.30480316087 9.63307642946 10.6566359275 10.362750016 6.50063029325 5.77493464552 5.11046514753 5.34980612139 5.76006553967 6.3700576127 5.28951307996 4.84064366705 4.10410192204 4.98870113316 4.23864552703 5.07509611717 5.94192344935 3.3678387948 2.56657425531 3.41574493562 3.14122793992 2.56517923327 2.20958422596 2.2380025089 2.15987130834 2.41540289394 2.56014468036 2.57255410902 2.35904908771
-9999 -9999 -9999 -9999 -9999 -9999 -9999 -9999 -9999 -9999 -9999 -9999 -9999 -9999 -9999 -9999 -9999 -9999 14.6403571453 13.3921300563 12.9348644112 13.6142034008 15.1394818001 14.9422659075 10.4130050554 10.0524776606 8.67840995124 8.78357301794 9.29615515903 9.32599582402 8.73260887854 8.2057523275 5.45698991607 5.70261563357 5.04821011386 5.81374759326 6.04458846647 4.98052100906 5.06408681358 5.99537768923 3.60453382221 3.29290960247 3.31385326057 3.29545819103 3.58352195322 4.00016638768 2.95851290329 3.0200698997 2.80688729652 2.23363575769 2.48303367989 2.79737159758 2.20168507485 2.25379482897 2.72989426446 2.88062554054 2.51761131494
-9999 -9999 -9999 -9999 -9999 -9999 -9999 -9999 -9999 -9999 -9999 -9999 -9999 -9999 -9999 -9999 -9999 -9999 -9999 11.8271336872 12.2345561555 12.6460962876 12.9239506165 14.9671997993 10.9272792322 10.6539361533 10.6257525159 9.02603021603 8.77910284952 8.60396898295 9.21763464467 9.85538790559 5.78202215764 5.47006872885 4.89537580295 4.46742548343 4.48978777145 5.46660328694 5.48838794629 5.93058662833 3.77078373505 3.52437253198 3.22083685669 3.80798393917 4.32083178942 4.44521257207 4.3520241019 3.25998420305 1.25466249546 2.12654020231 2.09589673032 2.10093138184 1.88063003371 1.86506293785 2.25735495631 2.17406217908 1.42138369634
-9999 -9999 -9999 -9999 -9999 -9999 -9999 -9999 -9999 -9999 -9999 -9999 -9999 -9999 -9999 -9999 -9999 -9999 13.3856845495 14.0311796195 14.561300998 14.3487821538 13.1202632288 13.9177481793 10.7773145785 10.7717724056 11.1266939006 10.5935817341 9.48506631104 9.09998611094 7.62683875354 4.68486692155 6.15491097044 5.51033126737 5.51275818647 6.14115482682 7.0599909527 6.85251742955 7.03990011853 6.77002879008 4.91490452769 3.76806113992 3.65076969811 3.88020136556 4.53842778785 4.23911333088 4.77060059553 6.30158402005 2.69716248164 1.57148876844 2.64826729867 4.32851856641 4.30446872524 3.74700243792 2.98332485995 2.60501416097 1.87003815968
-9999 -9999 -9999 -9999 -9999 -9999 -9999 -9999 -9999 -9999 -9999 -9999 -9999 -9999 -9999 -9999 -9999 -9999 -9999 14.6986744678 14.4896155683 14.07243266 13.2579689091 13.9232937853 11.0057958453 10.8931965763 10.8993474468 11.2116682907 10.7786807581 11.8266943427 9.35709553231 9.34209508595 7.76132543337 5.90804938131 6.20143186352 5.54916741295 4.49609525501 4.09732643473 4.11826436519 4.12197472709 3.27866107882 4.04025841083 4.04818342493 4.19095612381 4.22539353584 5.81270588915 5.2477114161 4.48715784575 3.04592589717 2.01434427132 1.13611968651 3.15484823175 4.18375519154 3.69410861422 5.10213787073 1.92905323554 1.41441191602
-9999 -9999 -9999 -9999 -9999 -9999 -9999 -9999 -9999 -9999 -9999 -9999 -9999 -9999 -9999 -9999 -9999 -9999 -9999 -9999 13.1623533321 13.8361341847 13.3373619855 13.8642876454 10.1637853948 10.7033593587 10.8762773819 11.4015793846 12.6503199875 12.1323740324 11.6999973727 11.5086702405 6.58112972419 6.38493440664 5.57155886856 6.16072917146 5.77742995742 6.1869767526 6.51860269256 6.14036920208 4.06131710315 4.92852114503 5.18328822211 4.72218070912 5.83691523347 5.29364865463 5.11015025555 5.53969261299 3.77081385275 3.56385854697 3.12294858179 2.15227034507 1.49819539947 1.85953488892 4.29664339278 2.29077980205 1.4377931808
-9999 -9999 -9999 -9999 -9999 -9999 -9999 -9999 -9999 -9999 -9999 -9999 -9999 -9999 -9999 -9999 -9999 -9999 -9999 -9999 -9999 13.1789371228 13.2747275457 13.4199273117 10.3170606119 9.91028231425 10.5246088213 11.417719842 11.5470087123 11.2484570195 11.8691739096 12.2519382785 6.57345034653 4.84965681227 7.41630573095 6.9849093508 6.34315218566 5.305725077 5.22931535838 5.45453100733 5.13287388974 5.34111410759 5.86283888105 4.50465251543 4.16624836673 3.37363597184 4.30687678787 4.62288819315 3.43247117927 4.05887691293 5.71564544535 4.21717379499 3.10416625095 2.17929298034 1.0878312438 1.41317773822 1.16007934813
-9999 -9999 -9999 -9999 -9999 -9999 -9999 -9999 -9999 -9999 -9999 -9999 -9999 -9999 -9999 -9999 -9999 -9999 -9999 -9999 -9999 11.9542814581 12.4221264897 12.4099362493 11.1338506097 11.6994946631 11.5181623754 10.7874462233 10.8497024135 11.5491115965 5.96560289846 11.2851584132 7.34069293719 6.24324135498 4.89584514953 5.44373220691 5.43356712459 5.48088035466 5.44310308544 6.27497007139 5.17617411208 5.01016841452 4.31331985783 4.19035150314 5.13935202137 4.94213763802 5.00662098817 4.91386882702 2.72115988996 2.89042195185 3.75570095872 2.68387126243 2.90215529851 1.44262906734 1.85239154153 1.18727922475 0.911539220902
-9999 -9999 -9999 -9999 -9999 -9999 -9999 -9999 -9999 -9999 -9999 -9999 -9999 -9999 -9999 -9999 -9999 -9999 -9999 -9999 -9999 -9999 12.7907172776 13.754913781 10.8162664 10.6004575045 10.73963771 10.2733445724 9.72343644265 10.0522720742 11.0585332832 11.3445678392 6.45275658634 6.02133122318 6.86477663838 5.79977557771 6.26154760558 5.94719948992 6.05035698875 6.05946176211 4.87601635669 3.59485832303 4.08325545329 4.913451632 3.64237683761 3.34139008235 3.09630652713 3.71606839579 3.20276726775 3.6655362789 2.13406144601 3.30930308209 4.59798527632 2.29274821089 1.23269781014 1.06834764496 0.849368398034
-9999 -9999 -9999 -9999 -9999 -9999 -9999 -9999 -9999 -9999 -9999 -9999 -9999 -9999 -9999 -9999 -9999 -9999 -9999 -9999 -9999 -9999 13.0998091246 12.8392329401 10.5318290634 11.1916304743 11.2355473148 9.1533434149 10.1237168009 10.365634958 10.3037888885 10.4507581642 7.19130373921 6.39369131521 5.87999597138 7.06911359462 6.15607304424 5.85210817297 6.78930003972 6.75750875038 3.96265947909 4.95348355823 4.13984627944 3.49179331061 3.58256211084 4.10622059806 5.10176263649 5.21234992563 2.47763667647 2.3522170958 2.60206668424 4.07028993775 1.84561645361 3.40274269553 2.55387249015 2.3213840546 1.23724764007
-9999 -9999 -9999 -9999 -9999 -9999 -9999 -9999 -9999 -9999 -9999 -9999 -9999 -9999 -9999 -9999 -9999 -9999 -9999 -9999 -9999 -9999 10.8798942656 11.4716197732 13.3133651304 12.7450712577 12.9713262017 12.0525771109 12.4658424711 13.1526375626 12.8067773429 12.1368027822 7.99575903828 7.87962465551 8.64903445179 7.04984787104 7.47739948897 8.72442751419 8.30024256242 7.89255310832 5.95564794567 5.08061789833 4.41900110824 5.16153786495 6.10796648067 5.83940120429 6.12035885728 5.59316184963 3.475540918 3.48076903908 4.57501804215 3.9786787623 3.81078604996 4.08341115264 4.92424600047 5.16522723071 2.11790866422
-9999 -9999 -9999 -9999 -9999 -9999 -9999 -9999 -9999 -9999 -9999 -9999 -9999 -9999 -9999 -9999 -9999 -9999 -9999 -9999 -9999 -9999 -9999 11.9673593585 13.7712461249 12.944525699 12.5490398846 11.6114427399 12.2551342445 12.8269444687 12.8387144249 13.3390145072 9.07526382269 9.37197363504 8.01865903492 8.51604794465 9.13102500152 8.4595932503 6.9049193855 6.75881382804 3.96159107626 4.86393731141 6.24493017742 6.28504380201 5.87284071658 5.43782848493 4.04927541079 3.76959477253 2.62994775925 2.80333482452 2.61543123361 3.12979781732 3.73220772947 5.13130917194 3.85284843645 2.6561521651 2.84429694548
-9999 -9999 -9999 -9999 -9999 -9999 -9999 -9999 -9999 -9999 -9999 -9999 -9999 -9999 -9999 -9999 -9999 -9999 -9999 -9999 -9999 -9999 -9999 9.75164944133 12.6688932044 12.7579156969 12.783091495 12.2709093602 12.1007818065 12.5469590711 13.0225661976 13.4005595008 8.94372472897 8.58055694377 8.18965630888 8.01162745154 7.97623117934 7.32932002702 7.12879848425 5.90040426111 6.3436404713 6.28155686953 6.17561883305 5.09877970517 4.54246175604 4.79670934506 5.73638785557 6.08346073513 3.89245394345 3.81523068918 4.49990741588 4.64077816238 3.67034606047 3.35445577008 3.16015777767 4.41290359573 2.51468992983
-9999 -9999 -9999 -9999 -9999 -9999 -9999 -9999 -9999 -9999 -9999 -9999 -9999 -9999 -9999 -9999 -9999 -9999 -9999 -9999 -9999 -9999 -9999 -9999 13.6143184141 12.8687933952 12.8873793943 12.6434023221 12.2731529664 12.3044375555 12.1150616753 9.577720169 8.64617116744 8.70881032749 9.06510947357 6.94584286466 6.86964035931 8.37031989309 8.52287928453 8.66200156509 6.61519483082 4.754411721 4.28694574371 4.91465588143 5.84865476776 5.50879474184 4.81609380068 5.54430301703 4.61452699359 4.07943979461 3.48581012797 2.79123271083 3.26237979862 4.72287058195 4.71253110382 3.42953162578 2.7316795054
