post-proc/GIS2FEM/test_case/recharge-monthly.asc
ncols         80
nrows         72
xllcorner     4374000.0
yllcorner     5656000.0
cellsize      500
NODATA_value  -9999
[rows 0 to 25 of 72, columns 0 to 56 of 80]
-9999 -9999 -9999 -9999 -9999 -9999 -9999 -9999 -9999 -9999 -9999 -9999 15.8445166581 16.3373222553 -9999 -9999 -9999 -9999 -9999 -9999 -9999 -9999 -9999 -9999 -9999 -9999 -9999 -9999 -9999 -9999 -9999 -9999 -9999 -9999 -9999 -9999 -9999 -9999 -9999 -9999 -9999 -9999 -9999 -9999 -9999 -9999 -9999 -9999 -9999 -9999 -9999 -9999 -9999 -9999 -9999 -9999 -9999
-9999 -9999 -9999 -9999 -9999 -9999 -9999 -9999 -9999 -9999 -9999 -9999 15.2383970752 13.9743680143 13.632143868 -9999 13.395114454 -9999 -9999 -9999 -9999 -9999 -9999 -9999 -9999 -9999 -9999 -9999 -9999 -9999 -9999 -9999 -9999 -9999 -9999 -9999 -9999 -9999 -9999 -9999 -9999 -9999 -9999 -9999 -9999 -9999 -9999 -9999 -9999 -9999 -9999 -9999 -9999 -9999 -9999 -9999 -9999
-9999 -9999 -9999 -9999 -9999 -9999 -9999 -9999 -9999 -9999 14.67975725 14.1287252073 14.8701498108 14.6770402039 13.8976923086 13.6171700474 11.9466529609 12.2090881585 -9999 -9999 -9999 -9999 -9999 -9999 -9999 -9999 -9999 -9999 -9999 -9999 -9999 -9999 -9999 -9999 -9999 -9999 -9999 -9999 -9999 -9999 -9999 -9999 -9999 -9999 -9999 -9999 -9999 -9999 -9999 -9999 -9999 -9999 -9999 -9999 -9999 -9999 -9999
-9999 -9999 -9999 -9999 -9999 -9999 -9999 -9999 -9999 13.9814127005 14.3390193506 14.3135860673 13.7505511053 14.0462470223 14.552618024 14.2370907373 12.4752532255 13.7664758562 -9999 13.848241677 -9999 -9999 -9999 -9999 13.0630810809 13.6384564315 -9999 -9999 -9999 -9999 -9999 -9999 -9999 -9999 -9999 -9999 -9999 -9999 -9999 -9999 -9999 -9999 -9999 -9999 -9999 -9999 -9999 -9999 -9999 -9999 -9999 -9999 -9999 -9999 -9999 -9999 -9999
-9999 -9999 -9999 -9999 -9999 -9999 -9999 -9999 15.7497780608 14.8265446973 14.2169882214 14.2667424824 14.4393296179 14.0687571913 14.5319138248 14.464663336 12.5991874707 12.4155443873 11.9937341753 12.8203359743 13.0121962328 13.3878624186 -9999 12.6627147104 13.6819184993 13.8752984211 -9999 -9999 -9999 -9999 -9999 -9999 -9999 -9999 -9999 -9999 -9999 -9999 -9999 -9999 -9999 -9999 -9999 -9999 -9999 -9999 -9999 -9999 -9999 -9999 -9999 -9999 -9999 -9999 -9999 -9999 -9999
-9999 -9999 -9999 -9999 -9999 -9999 15.4615325693 14.2168655942 14.00119568 14.2322375767 14.9884145387 15.199242407 15.0353233097 14.791137322 14.541761136 14.9377282622 12.9035574786 12.4704479664 12.6028590803 12.5939608049 12.7861361137 13.082265377 12.9522300963 12.6636880435 13.085339947 13.0325807102 13.1886050761 -9999 -9999 -9999 -9999 -9999 -9999 -9999 -9999 -9999 -9999 -9999 -9999 -9999 -9999 -9999 -9999 -9999 -9999 -9999 -9999 -9999 -9999 -9999 -9999 -9999 -9999 -9999 -9999 -9999 -9999
-9999 -9999 -9999 -9999 -9999 -9999 15.4879772039 14.7416706943 13.8185973917 13.5806089331 13.7416308014 14.2377424314 14.6021414051 14.0545947276 14.2589460434 13.9730581883 13.0808188318 11.1871360363 13.0111530782 12.5370714861 12.7797808065 13.6280422457 13.0516261533 12.9980882865 13.068980429 12.695984674 13.1667232667 13.5570399656 13.5530747105 13.30532248 14.4759359287 14.5279234685 -9999 -9999 -9999 -9999 -9999 -9999 -9999 -9999 -9999 -9999 -9999 -9999 -9999 -9999 -9999 -9999 -9999 -9999 -9999 -9999 -9999 -9999 -9999 -9999 -9999
-9999 -9999 -9999 -9999 -9999 16.0890934443 15.6460266241 15.5011357594 15.1449762044 15.3162771846 15.2576998247 14.6069899941 14.1526124619 14.3274031947 14.9122163137 15.1285156381 11.2533569646 6.53141114682 11.0728566562 12.6569556968 12.8652058557 12.7022732384 12.6975853159 12.8513650931 13.2122145343 13.5103685439 12.9896581745 12.882028828 13.1996800976 13.1218557461 13.3208935351 13.6956434816 12.5430317207 12.4032669056 -9999 -9999 -9999 -9999 -9999 -9999 -9999 -9999 -9999 -9999 -9999 -9999 -9999 -9999 -9999 -9999 -9999 -9999 -9999 -9999 -9999 -9999 -9999
-9999 -9999 -9999 -9999 -9999 16.3848799952 15.9308554243 16.0169607396 15.5482753759 15.1324066472 15.2992869622 15.6168390053 11.7716928428 9.98924710818 15.9319635151 16.0186030579 11.4337126676 5.2102725832 9.26443381898 11.217498361 12.8542678124 12.8847435637 13.1211751108 12.9901917744 11.6744184601 11.0081260956 10.9251068393 10.5652000731 11.0140261091 10.7888630111 10.6881275862 11.0781073096 11.7114352088 11.5616772 11.5247891907 11.6126750254 -9999 -9999 -9999 -9999 11.3220939969 11.0576196998 -9999 -9999 -9999 -9999 -9999 -9999 -9999 -9999 -9999 -9999 -9999 -9999 -9999 -9999 -9999
-9999 -9999 -9999 -9999 -9999 15.9363349165 15.748868986 15.5266153567 15.7551639499 16.1971246323 16.1414367967 15.8845515034 15.6817459144 16.0822422787 16.4974298121 15.4314061124 12.6441412472 14.0214459501 13.9653816182 14.0902156017 13.4797990414 12.6364429987 12.2278843627 12.0578789332 11.5782706282 11.2617178187 10.7402612084 10.2439399722 11.1569824459 10.3978427292 7.72527792396 9.70287905986 11.5768007997 11.2877450242 11.0697947781 11.6910211491 11.7525072187 -9999 -9999 11.5818276373 11.5779785632 11.4636138896 11.8062703238 -9999 -9999 -9999 -9999 -9999 -9999 -9999 -9999 -9999 -9999 -9999 -9999 -9999 -9999
-9999 -9999 -9999 -9999 -9999 -9999 16.541370393 16.538437461 15.7676458295 15.6268593727 15.3530808282 15.7496381011 16.4897743218 17.2641249209 14.8674347368 14.4953008654 12.683971921 12.6174284414 12.6156276006 12.6909457804 13.2340485559 13.27449416 12.9278506523 13.5434264594 12.0422532965 11.6045940203 10.7304668838 11.0505794612 11.0135641795 11.20553303 10.8945561128 11.6625750483 11.296654614 11.3402808705 11.3201632529 11.6961340861 11.3655324559 10.9545882606 11.6576703292 11.4886242887 11.2129609335 11.9769058106 10.9158020838 10.2734902521 -9999 -9999 -9999 -9999 10.4918301662 10.0068880008 3.42160694169 -9999 -9999 -9999 -9999 -9999 -9999
-9999 -9999 -9999 -9999 -9999 -9999 -9999 16.1595988896 15.3435763239 15.9384001137 16.3697482819 15.9871140609 15.4290433835 14.4105054286 14.8158330296 15.8081509602 13.644698202 13.6719535846 13.886496703 13.059478678 12.8369179263 12.7253185365 12.6907186584 12.9911621537 11.7628910205 11.2179175813 10.9394162986 11.1848455078 11.2947684961 11.0113108865 11.2815078437 11.1767526508 11.3695314692 11.237795372 11.8047162528 11.847052709 11.4395948761 11.4608403472 11.6311104462 11.5574661157 10.6093262912 10.4154339455 9.6847230447 8.89307615481 8.48093577503 9.00102764847 8.95126884658 8.29037167186 6.87197356813 8.45562681871 9.21170276262 8.03179653351 -9999 -9999 -9999 -9999 -9999
-9999 -9999 -9999 -9999 -9999 -9999 -9999 -9999 15.1046841614 14.8158868956 15.4592208333 15.9218955522 15.6207405758 16.2001871717 16.3315012427 15.8755789859 12.7325955611 12.8658753044 12.6448277483 12.9213153245 13.7875470848 13.5933182992 15.2464186499 16.7825551414 14.929443778 15.0267439414 12.2542095588 11.6434108031 10.9882901473 10.5196883938 11.0623942501 11.1490961659 11.4039123067 11.2668894261 11.5337180542 11.8071368052 11.6609279892 11.898669024 11.5323759816 11.5429657869 11.0685744928 10.2262958185 8.98733669503 8.62215430215 8.79139819854 8.43438218396 8.54229939719 8.09627155394 6.63158850023 8.22823462249 8.97979527543 9.26119126313 9.31668162483 -9999 -9999 -9999 -9999
-9999 -9999 -9999 -9999 -9999 -9999 -9999 -9999 16.093092717 15.4583357378 15.0466245014 15.1298669495 15.3830322104 15.3697493604 15.0586748731 14.8162480571 12.4039477854 12.7683497447 12.9622177081 13.2439248702 13.4857338435 13.5169836704 17.3235162608 19.8282660189 16.457257887 14.3426940115 15.6898258089 13.0282444244 11.3671632943 10.6189713084 10.8087551098 11.0197289396 11.0123008255 11.1828622161 11.6607322163 5.88451731602 12.0724972186 11.7389047181 11.4470533393 11.3893131352 11.0606014993 10.1300429257 8.72470108762 8.67957719586 8.46722407787 8.41951257535 8.49287205781 8.18560787357 7.09640077929 9.00486804028 9.04474649629 9.06952549483 9.57984662995 10.1359517612 10.1213836964 10.3784534751 -9999
-9999 -9999 -9999 -9999 -9999 -9999 -9999 -9999 -9999 16.3634884582 15.8535331241 14.9612609169 15.4328484583 15.3116536689 15.2651574657 15.2929364045 13.4965546116 13.6454382096 13.7506400448 13.8374589559 13.8364748448 12.7370186657 14.1034701562 21.0931871346 18.2512157674 17.1454785102 15.7495752802 14.654144284 11.8926444345 11.4988542116 11.4162077037 11.4319801106 11.5770209874 11.1552802807 11.1941178567 10.5603352503 11.9817538162 11.758314197 11.5306306039 11.5190552867 11.0818930055 10.9119489668 8.72063474652 9.59322265874 8.99540946749 8.44341797478 8.35325281385 8.47325495774 8.69683330561 8.85455013718 9.04906219827 8.9279489085 9.50218991376 10.0849661045 10.5170209722 8.59045905341 5.59392042708
-9999 -9999 -9999 -9999 -9999 -9999 -9999 -9999 -9999 -9999 15.0537384939 15.2154661724 15.3234966371 15.2823422929 14.8834096214 14.4984388012 12.850404334 13.8851726637 13.2913649257 12.5497079561 12.2575322425 12.0442702752 12.147953958 14.5332952655 15.7745461533 17.3987056108 17.2592178524 15.7084148086 14.2720200649 12.9607077959 11.5921446035 11.5546514593 12.1365103065 11.488023019 12.1618312556 11.9752714874 11.8209400183 11.7392513339 11.5766023013 11.6040965621 11.2427348344 11.0267606647 10.2331366975 9.14956309442 10.5421669527 10.4229623277 9.82430723931 8.93350808266 9.25579094281 9.29327586881 9.6665351151 9.39281660682 9.27358147374 9.776921693 9.82928601654 8.32905756029 5.55230777894
-9999 -9999 -9999 -9999 -9999 -9999 -9999 -9999 -9999 -9999 -9999 8.70151416493 10.7161837793 14.7950593626 14.6681586276 14.3040466606 12.4593243249 12.4367584106 11.7666503228 12.1981588124 12.7326703635 12.5824105758 12.1231966552 11.3424235288 9.67020444475 8.65586193593 10.7375975208 13.1382922415 14.2657468844 10.8236656148 11.5582053802 9.93994496794 8.66678616724 8.82466243313 8.8448860297 8.44375505698 8.94941310592 8.9114551674 8.93465629618 8.96271751686 9.52011125686 9.07467338991 9.20829135713 8.09053207658 6.83966560673 6.3166341217 7.18787774986 7.77678685489 6.62824313561 7.39429050549 7.13455639938 7.68318042069 8.38317357141 8.12231577128 7.86973736882 7.8828552111 4.64545353856
-9999 -9999 -9999 -9999 -9999 -9999 -9999 -9999 -9999 -9999 -9999 7.85253250236 11.3872402674 14.0906195295 14.7507971632 14.61511431 11.5883714479 11.3710356964 12.0549478166 12.0902524503 12.3829783632 12.946189398 12.0743734094 11.8585107181 9.95477971791 10.4586148982 10.710159153 11.6026480817 11.7934197821 12.5976967298 14.2131684765 13.4656411901 8.15398012833 8.92444247048 8.29903732456 8.71526615034 8.88819308945 9.01827390522 8.78904609109 8.66542151029 9.27583578904 9.543955356 8.79745900235 8.95149853975 8.56814953939 7.50478085659 8.81918648968 9.54348055463 7.67338246297 6.33748978453 6.70360868726 6.69185094276 6.52985415296 8.43861451799 8.71019211838 8.25385645958 6.44899746778
-9999 -9999 -9999 -9999 -9999 -9999 -9999 -9999 -9999 -9999 -9999 15.6850926583 15.2140614237 14.898293811 14.3053222828 14.5420747732 11.8899226121 11.1719913981 11.5882276038 11.9181654721 12.0554671407 12.1611400776 12.0004448317 11.4696256182 9.51946622552 9.69144897305 9.74272182649 9.6288513715 9.74148297047 10.0857575167 10.6518815145 12.8809793393 11.8249596163 11.9494022351 10.3583909262 8.47846873137 8.71675463012 7.89114822222 8.88198876401 7.11303903999 6.47670981502 9.48029615683 9.5687983025 10.0988758221 10.4504078999 10.958038907 8.3233742906 7.86531652278 6.49889084311 6.4049885123 5.788828418 6.2425663438 6.4669437172 7.23979394486 8.83298802825 7.41664907675 6.24666551347
-9999 -9999 -9999 -9999 -9999 -9999 -9999 -9999 -9999 -9999 -9999 -9999 14.5105946967 14.7568732395 15.1518871247 14.4446529717 12.0153443751 11.6978612164 11.517459735 12.1811057834 12.2836974175 11.9499582136 12.2601796692 12.1405713391 9.87518957795 10.0073336187 9.85353816359 9.98377084343 9.95498857318 9.76683869951 9.80651063928 9.95207892892 8.7876638583 8.69044135708 11.3861537013 7.27147148825 10.1987383392 7.90490580857 8.0073242165 9.13819255407 10.0050582799 9.33175927166 10.3584676484 10.9554741865 11.0029032588 11.035630957 9.24078692825 7.91996104149 5.66723788627 6.04819256952 5.53735024906 5.00051682038 4.5518692813 4.61217795891 5.36988093852 6.40165758908 3.57464153624
-9999 -9999 -9999 -9999 -9999 -9999 -9999 -9999 -9999 -9999 -9999 15.3264019837 15.3144621518 15.2606798618 15.5451962369 9.62848417704 11.3033905076 12.4505461199 12.1649361828 12.5154831705 12.0018899949 11.9138994217 11.8868123094 12.0763474626 10.2523177091 10.1893573299 9.91165625005 9.81608258466 10.0265044392 9.83390620786 9.76793784814 9.9129181526 8.71213180325 8.64279284953 8.89590214592 9.42520974619 10.2299724594 7.7865294139 8.04292088828 9.10019896728 9.74023433459 9.19601651001 10.2562667615 10.7475922754 11.1164471842 11.0335063685 10.6715499186 9.13181372114 6.40651878372 6.43200277219 5.80517737542 4.53026384821 4.45481147607 4.47768695736 4.46429114746 4.77699145784 4.58970931956
-9999 -9999 -9999 -9999 -9999 -9999 -9999 -9999 -9999 -9999 -9999 15.6731870472 16.4677208242 15.9166034632 15.0425368264 11.5549535829 12.5629983258 12.7319139322 12.6981924771 12.7546601392 11.0711102976 11.2272589545 12.2325154466 12.3105669424 10.4435232507 10.4671927281 7.26474490754 7.94859831908 10.0488996558 11.1959084328 10.9489359829 9.99681914776 8.61748084612 8.64345880945 8.78827910962 8.15699136992 8.53110084483 10.1551163607 8.56813617975 9.54101725145 9.13365414631 9.27477227205 9.2096179388 9.63556225612 9.46741128781 9.23215944532 9.84794265237 9.92147422295 8.07878190365 7.61708284355 5.66903135866 5.82872049701 5.61848346933 5.42771493289 5.42536123751 5.14958271964 3.23389165589
-9999 -9999 -9999 -9999 -9999 -9999 -9999 -9999 -9999 -9999 -9999 16.391369831 16.1624274252 15.0650886942 15.4459562595 15.2615011947 12.2563814887 12.6243980627 13.0490132674 13.4784630836 10.8915887402 5.53493056355 11.6667820708 13.0128525248 8.97897122131 8.98623434787 10.0949889629 10.1635099795 9.67917616361 9.47858204927 9.76708727542 11.0667660217 10.2221626415 9.95165026219 9.43504641899 8.41706917043 7.63732642936 6.57485561726 9.04639885671 8.50994461464 9.74220113909 10.2594689735 9.01681774367 8.47032304938 8.28971257466 8.31348697305 8.90986559419 8.96819485053 7.89647783171 7.7817828624 6.41910884927 4.99959079749 4.96146622674 4.81322233772 5.02084201472 5.38240774683 4.2852918304
-9999 -9999 -9999 -9999 -9999 -9999 -9999 -9999 -9999 -9999 -9999 -9999 16.4840844081 15.921555994 15.5100604128 14.9647230038 12.9428748729 13.0142728763 12.9291245853 13.2283936766 13.499301666 14.2823700966 12.1392692221 10.9263088904 8.6430039835 8.56344173102 8.1999967515 8.4412201311 8.30772010162 7.78605431195 7.47010161424 8.94571796768 8.55501163296 8.85534647422 9.0833990562 9.27536475254 8.37879934104 7.1804760335 9.95249616667 10.3239552844 9.78742408699 9.59160874741 9.18398641023 8.46169259335 8.26986629305 8.2597430139 8.4425399313 8.65399046716 7.50191829257 7.83949846383 7.8325329588 4.75867576803 5.54531674522 6.64164768421 5.63067522872 5.62092690449 3.80801261889
-9999 -9999 -9999 -9999 -9999 -9999 -9999 -9999 -9999 -9999 -9999 -9999 17.7044441238 16.4101314484 16.0454428978 15.8825633434 13.4394949768 13.8087856658 14.1742466383 13.7074422648 14.319523852 14.1529584242 14.1984880278 14.0902453697 9.29271426544 9.89055796356 10.427697024 9.87380253976 9.41510083637 10.4750109196 9.9579043158 10.3050414331 9.33509881855 9.45700994063 8.65364290579 6.68243235798 6.73481286283 7.64911289316 8.51573909244 7.66562013881 7.47391860916 7.25021400782 6.91717334478 6.87105803392 6.81296966265 6.63327239293 6.34877212838 6.38380944696 5.57516482806 6.08715459995 6.19682041724 5.62760624511 5.57697701966 3.20120839219 2.8757437565 3.44003518112 2.92662160161
-9999 -9999 -9999 -9999 -9999 -9999 -9999 -9999 -9999 -9999 -9999 -9999 16.6788393288 16.4024814207 16.2107412377 16.2978769932 13.6853536056 13.5943962253 13.9020683004 14.5996137398 14.4862879421 14.1733662628 14.1801927552 10.3103841008 9.05014243071 10.3085445505 10.7031880819 10.3441672706 9.58922311095 9.00645226816 8.95077535246 8.61855963397 6.92599148112 7.6985850304 6.52123335285 8.57613036426 9.98044842251 8.07219623387 6.07614470225 5.36606027508 3.92771043156 4.13126348228 6.05355268068 6.97409557325 6.84027043091 6.89151938001 6.87389633195 6.87325781767 6.26066315643 6.51012144681 6.56683962638 4.76501038228 3.19078235233 2.70056692746 3.12128465852 3.11675759532 3.36232944461
