test_domain_2/input/morph/aspect.asc
ncols	240
nrows	240
xllcorner	4597369
yllcorner	2495847
cellsize	500
NODATA_value	-9999
[rows 152 to 189 of 240, columns 85 to 169 of 240]
47 49 53 63 55 21 3 6 13 8 16 31 45 120 247 257 27 24 271 243 117 100 95 94 34 356 329 270 296 252 240 255 259 266 338 68 147 185 213 44 12 2 49 60 23 288 286 285 253 141 103 111 122 138 172 166 76 46 5 354 47 293 252 248 193 143 163 135 86 63 47 57 69 92 114 95 65 288 272 130 208 229 137 85 86
31 40 36 67 58 17 1 11 12 0 15 29 29 33 298 221 206 181 217 188 161 154 150 138 265 336 15 332 216 216 232 245 243 236 216 115 122 188 251 311 339 10 52 55 11 316 307 308 234 162 67 67 91 100 162 257 104 35 4 32 77 62 261 243 183 161 189 178 110 87 88 105 83 63 12 9 33 312 289 70 142 230 176 120 106
66 67 64 81 64 29 7 24 14 333 2 33 29 28 36 22 220 226 146 142 168 175 173 163 212 227 270 30 42 288 237 233 228 219 208 158 133 227 266 281 306 29 65 56 348 310 294 279 82 205 102 83 100 80 334 9 59 218 161 109 89 52 287 257 169 162 216 191 153 145 133 147 155 50 12 42 45 346 295 60 79 226 173 109 93
-9999 -9999 89 83 60 49 42 349 0 327 327 58 32 28 30 27 35 239 170 111 114 167 186 173 195 233 249 8 45 28 303 266 237 224 207 167 142 267 279 278 276 59 72 58 305 262 236 234 117 85 154 130 114 314 317 38 48 28 92 118 113 83 288 310 37 1 319 145 148 153 140 133 190 250 5 22 22 19 343 120 114 202 219 35 17
-9999 -9999 -9999 -9999 133 -9999 -9999 -9999 -9999 21 167 111 60 41 30 38 45 37 121 156 152 135 -1 -1 -1 247 255 281 36 16 0 350 236 229 221 197 339 279 277 276 266 118 73 59 7 250 236 226 242 16 58 84 25 311 303 37 25 28 54 81 93 274 270 282 10 5 14 58 81 90 99 114 205 234 248 9 86 124 139 135 138 282 276 308 343
-9999 -9999 -9999 -9999 -9999 -9999 -9999 -9999 -9999 54 56 52 65 23 10 47 44 39 33 12 45 -1 -1 -1 -1 225 248 246 333 1 25 23 343 298 255 249 275 265 245 235 220 186 126 76 35 317 303 243 246 251 61 37 353 333 304 127 111 64 66 59 37 357 259 250 276 11 21 50 60 68 96 75 353 227 230 178 136 154 160 127 337 325 284 253 262
-9999 -9999 -9999 -9999 -9999 -9999 -9999 -9999 -9999 68 41 9 24 354 349 44 44 36 21 19 41 38 45 -1 -1 -1 244 227 224 280 19 15 353 353 335 319 239 234 226 229 223 211 197 58 353 355 34 299 257 205 159 162 183 169 186 172 172 184 61 35 26 37 270 254 264 353 29 66 76 75 64 2 20 61 217 172 141 62 343 354 358 2 26 230 245
-9999 -9999 -9999 -9999 -9999 -9999 -9999 -9999 -9999 -9999 27 355 26 352 339 58 47 24 19 23 28 33 48 -1 -1 -1 225 214 239 265 345 13 346 346 2 32 348 229 229 244 245 240 223 263 302 20 61 0 261 144 151 176 176 171 185 193 198 225 154 34 65 81 71 248 247 231 113 100 84 39 21 9 29 46 42 101 283 319 342 350 3 26 50 29 271
-9999 -9999 -9999 -9999 -9999 -9999 -9999 -9999 -9999 -9999 -9999 324 15 349 355 62 41 5 16 17 15 47 65 45 -1 -1 -1 225 241 242 244 335 332 329 23 46 27 40 251 246 233 234 250 270 250 177 68 58 183 111 108 144 133 157 195 209 220 217 179 173 127 90 358 299 230 213 181 109 63 13 39 57 16 26 37 44 334 261 289 333 5 31 38 1 326
-9999 -9999 -9999 -9999 -9999 -9999 -9999 -9999 -9999 -9999 -9999 -9999 335 316 -9999 94 65 327 8 21 9 73 80 63 -1 -1 -1 -1 225 231 227 227 265 298 52 53 45 61 243 224 220 232 247 277 298 230 118 125 162 134 146 169 105 97 178 190 215 204 172 195 21 3 3 35 297 218 220 233 47 76 112 100 322 10 52 55 52 228 238 251 336 54 54 341 346
-9999 -9999 -9999 -9999 -9999 -9999 -9999 -9999 -9999 -9999 -9999 -9999 -9999 -9999 -9999 -9999 -9999 -9999 69 119 162 109 95 90 -1 -1 -1 315 347 270 217 216 222 231 99 66 63 64 43 226 230 232 239 230 196 165 148 156 162 163 188 153 132 139 145 183 238 215 211 274 310 354 37 15 38 73 242 223 156 114 79 349 338 44 80 51 48 45 252 246 212 127 124 270 310
-9999 -9999 -9999 -9999 -9999 -9999 -9999 -9999 -9999 -9999 -9999 -9999 -9999 -9999 -9999 -9999 -9999 -9999 140 142 167 136 108 109 -1 315 331 337 9 106 186 223 221 236 256 53 67 81 62 27 243 226 227 203 185 171 161 161 147 205 208 148 157 164 128 305 253 225 238 231 216 190 188 323 57 62 269 228 174 82 350 339 20 69 32 24 55 56 322 264 205 131 7 291 286
-9999 -9999 -9999 -9999 -9999 -9999 -9999 -9999 -9999 -9999 -9999 -9999 -9999 -9999 -9999 -9999 -9999 -9999 150 140 167 152 118 117 -1 306 329 23 87 159 52 250 239 247 244 134 87 83 68 18 46 207 214 196 194 184 177 157 121 241 191 141 253 337 12 52 244 249 259 242 211 210 240 244 83 53 4 231 204 230 278 331 116 159 258 64 80 76 82 253 274 3 335 309 302
-9999 -9999 -9999 -9999 -9999 -9999 -9999 -9999 -9999 -9999 -9999 -9999 -9999 -9999 -9999 -9999 -9999 193 145 122 135 151 137 135 315 305 325 73 88 286 236 296 288 274 252 188 127 57 55 345 60 74 236 218 213 202 204 153 143 222 182 284 310 337 23 18 344 344 332 311 268 276 276 270 95 61 39 359 3 197 233 201 108 158 209 157 123 108 107 262 263 315 334 333 333
-9999 -9999 -9999 -9999 -9999 -9999 -9999 -9999 -9999 -9999 -9999 -9999 -9999 -9999 -9999 -9999 -9999 48 47 38 47 41 348 352 338 305 341 75 57 36 116 266 281 276 268 243 264 73 60 344 40 40 46 237 221 208 200 161 156 260 301 304 272 248 39 0 342 353 6 14 355 286 272 234 138 140 40 350 10 20 320 158 113 130 206 163 144 118 55 276 238 240 286 330 310
-9999 -9999 -9999 -9999 -9999 -9999 -9999 -9999 -9999 -9999 -9999 -9999 -9999 -9999 -9999 -9999 -9999 -9999 340 28 49 21 344 348 2 331 21 63 46 43 43 254 243 236 224 229 250 109 100 180 90 66 69 315 353 23 0 15 324 325 352 357 239 246 293 336 330 347 52 33 15 302 244 184 171 193 175 232 298 46 91 125 117 99 273 57 41 0 7 353 357 252 248 265 -9999
-9999 -9999 -9999 -9999 -9999 -9999 -9999 -9999 -9999 -9999 -9999 -9999 -9999 -9999 -9999 -9999 -9999 -9999 -9999 83 74 22 319 322 35 42 111 119 98 33 33 42 256 251 235 226 216 151 161 188 186 156 347 313 351 12 5 10 317 316 11 37 331 329 341 8 48 136 162 156 335 336 316 169 197 201 178 247 224 141 107 84 62 18 347 359 16 345 10 15 28 30 269 275 -9999
-9999 -9999 -9999 -9999 -9999 -9999 -9999 -9999 -9999 -9999 -9999 -9999 -9999 -9999 -9999 -9999 -9999 -9999 -9999 -9999 -9999 -9999 -9999 -9999 115 115 134 127 180 309 38 52 340 303 317 241 217 149 161 198 184 236 306 322 350 353 356 15 349 308 357 16 345 342 16 63 78 83 60 353 283 241 159 185 135 254 292 240 193 142 75 65 34 343 338 5 15 352 36 57 38 11 -9999 -9999 -9999
-9999 -9999 -9999 -9999 -9999 -9999 -9999 -9999 -9999 -9999 -9999 -9999 -9999 -9999 -9999 -9999 -9999 -9999 -9999 -9999 -9999 -9999 -9999 212 154 109 93 92 225 252 93 56 348 315 24 140 228 151 117 200 184 269 289 308 335 338 343 16 15 316 331 25 4 54 98 109 113 104 111 295 280 147 262 323 68 246 240 160 180 315 54 81 42 299 296 106 50 8 70 76 -9999 -9999 -9999 -9999 -9999
-9999 -9999 -9999 -9999 -9999 -9999 -9999 -9999 -9999 -9999 -9999 -9999 -9999 -9999 -9999 -9999 -9999 -9999 -9999 -9999 -9999 -9999 -9999 11 70 20 26 32 38 242 212 89 319 302 85 94 225 180 135 -1 -1 257 243 230 236 257 283 0 24 359 180 153 161 177 139 101 45 25 49 259 293 9 338 346 33 339 0 157 295 319 15 57 -9999 -9999 -9999 -9999 -9999 -9999 -9999 -9999 -9999 -9999 -9999 -9999 -9999
-9999 -9999 -9999 -9999 -9999 -9999 -9999 -9999 -9999 -9999 -9999 -9999 -9999 -9999 -9999 -9999 -9999 -9999 -9999 -9999 -9999 -9999 -9999 3 23 359 14 35 42 40 196 194 298 341 57 71 -1 -1 -1 -1 -1 233 213 208 210 214 224 205 153 133 144 149 160 206 203 84 330 13 53 45 272 329 27 54 328 345 33 45 284 291 355 -9999 -9999 -9999 -9999 -9999 -9999 -9999 -9999 -9999 -9999 -9999 -9999 -9999 -9999
-9999 -9999 -9999 -9999 -9999 -9999 -9999 -9999 -9999 -9999 -9999 -9999 -9999 -9999 -9999 -9999 -9999 -9999 -9999 -9999 -9999 -9999 -9999 344 36 35 17 50 40 33 40 318 297 342 53 61 45 -1 -1 -1 -1 225 207 210 209 210 207 188 178 167 155 167 211 294 279 139 247 302 59 52 259 231 128 161 248 276 22 36 334 241 232 -9999 -9999 -9999 -9999 -9999 -9999 -9999 -9999 -9999 -9999 -9999 -9999 -9999 -9999
-9999 -9999 -9999 -9999 -9999 -9999 -9999 -9999 -9999 -9999 -9999 -9999 -9999 -9999 -9999 -9999 -9999 -9999 -9999 -9999 -9999 -9999 -9999 -9999 32 34 9 24 9 11 35 355 297 279 87 84 90 -1 -1 -1 -1 -1 -1 225 213 205 197 187 187 177 161 220 277 310 30 125 219 221 111 73 350 235 127 132 225 215 208 108 99 239 220 -9999 -9999 -9999 -9999 -9999 -9999 -9999 -9999 -9999 -9999 -9999 -9999 -9999 -9999
-9999 -9999 -9999 -9999 -9999 -9999 -9999 -9999 -9999 -9999 -9999 -9999 -9999 -9999 -9999 -9999 -9999 -9999 -9999 -9999 -9999 -9999 -9999 -9999 1 10 6 13 352 2 37 28 336 169 115 101 115 -1 -1 -1 -1 -1 -1 -1 225 180 206 219 200 180 167 257 256 225 145 147 240 252 246 39 3 353 34 69 225 204 201 184 109 303 260 -9999 -9999 -9999 -9999 -9999 -9999 -9999 -9999 -9999 -9999 -9999 -9999 -9999 -9999
-9999 -9999 -9999 -9999 -9999 -9999 -9999 -9999 -9999 -9999 -9999 -9999 -9999 -9999 -9999 -9999 -9999 -9999 -9999 -9999 -9999 -9999 -9999 -9999 316 347 358 353 348 18 58 70 103 155 109 40 19 45 -1 -1 -1 -1 -1 -1 -1 -1 -1 -1 -1 225 201 253 243 203 153 184 241 213 188 206 288 27 93 105 315 347 222 240 260 276 259 -9999 -9999 -9999 -9999 -9999 -9999 -9999 -9999 -9999 -9999 -9999 -9999 -9999 -9999
-9999 -9999 -9999 -9999 -9999 -9999 -9999 -9999 -9999 -9999 -9999 -9999 -9999 -9999 -9999 -9999 -9999 -9999 -9999 -9999 -9999 -9999 -9999 -9999 -9999 -9999 326 321 339 49 71 64 40 25 7 338 11 27 15 28 45 -1 -1 -1 -1 -1 -1 -1 -1 -1 -1 240 231 195 149 206 227 189 181 212 226 184 77 69 279 270 68 237 252 306 296 206 -9999 -9999 -9999 -9999 -9999 -9999 -9999 -9999 -9999 -9999 -9999 -9999 -9999
-9999 -9999 -9999 -9999 -9999 -9999 -9999 -9999 -9999 -9999 -9999 -9999 -9999 -9999 -9999 -9999 -9999 -9999 -9999 -9999 -9999 -9999 -9999 -9999 -9999 -9999 -9999 -9999 -9999 50 48 33 17 11 3 339 2 31 33 32 44 45 -1 -1 -1 -1 -1 -1 -1 -1 -1 225 229 211 137 237 237 249 320 335 303 309 56 63 47 183 186 266 266 272 80 303 -9999 -9999 -9999 -9999 -9999 -9999 -9999 -9999 -9999 -9999 -9999 -9999 -9999
-9999 -9999 -9999 -9999 -9999 -9999 -9999 -9999 -9999 -9999 -9999 -9999 -9999 -9999 -9999 -9999 -9999 -9999 -9999 -9999 -9999 -9999 -9999 -9999 -9999 -9999 -9999 -9999 -9999 222 32 21 13 7 4 351 2 44 51 50 75 90 -1 -1 -1 -1 -1 -1 -1 -1 -1 -1 266 266 45 289 278 273 280 322 334 10 96 67 50 45 225 310 323 349 11 346 -9999 -9999 -9999 -9999 -9999 -9999 -9999 -9999 -9999 -9999 -9999 -9999 -9999
-9999 -9999 -9999 -9999 -9999 -9999 -9999 -9999 -9999 -9999 -9999 -9999 -9999 -9999 -9999 -9999 -9999 -9999 -9999 -9999 -9999 -9999 -9999 -9999 -9999 -9999 -9999 -9999 -9999 -9999 -9999 7 14 6 11 16 25 71 73 72 89 135 -1 -1 -1 -1 -1 -1 -1 -1 315 334 311 296 307 319 339 292 252 259 274 61 44 38 49 47 31 293 316 5 15 345 323 327 54 -9999 -9999 -9999 -9999 -9999 -9999 -9999 -9999 -9999 -9999
-9999 -9999 -9999 -9999 -9999 -9999 -9999 -9999 -9999 -9999 -9999 -9999 -9999 -9999 -9999 -9999 -9999 -9999 -9999 -9999 -9999 -9999 -9999 -9999 -9999 -9999 -9999 -9999 -9999 -9999 -9999 -9999 -9999 14 62 69 89 99 85 68 80 -1 -1 -1 -1 -1 -1 -1 -1 -1 273 281 298 334 345 322 12 73 246 247 247 344 38 51 19 28 10 294 294 55 87 242 238 261 51 43 274 -9999 -9999 267 236 -9999 -9999 -9999 -9999
-9999 -9999 -9999 -9999 -9999 -9999 -9999 -9999 -9999 -9999 -9999 -9999 -9999 -9999 -9999 -9999 -9999 -9999 -9999 -9999 -9999 -9999 -9999 -9999 -9999 -9999 -9999 -9999 -9999 -9999 -9999 -9999 -9999 -9999 -9999 -9999 125 96 45 61 75 45 -1 -1 -1 -1 -1 -1 -1 -1 246 249 278 303 356 299 140 118 243 230 217 212 160 56 330 359 9 303 251 134 128 205 201 211 187 123 188 196 151 217 228 -9999 -9999 -9999 -9999
-9999 -9999 -9999 -9999 -9999 -9999 -9999 -9999 -9999 -9999 -9999 -9999 -9999 -9999 -9999 -9999 -9999 -9999 -9999 -9999 -9999 -9999 -9999 -9999 -9999 -9999 -9999 -9999 -9999 -9999 -9999 -9999 -9999 -9999 -9999 -9999 157 40 21 54 58 43 45 -1 -1 -1 -1 -1 -1 315 341 6 298 255 163 140 153 167 230 205 230 243 275 348 327 321 26 12 197 151 129 225 202 205 197 156 164 230 302 30 268 307 -9999 -9999 -9999
-9999 -9999 -9999 -9999 -9999 -9999 -9999 -9999 -9999 -9999 -9999 -9999 -9999 -9999 -9999 -9999 -9999 -9999 -9999 -9999 -9999 -9999 -9999 -9999 -9999 -9999 -9999 -9999 -9999 -9999 -9999 -9999 -9999 -9999 -9999 -9999 -9999 355 73 65 58 58 55 45 -1 -1 -1 -1 -1 280 302 18 20 262 161 107 130 240 178 178 258 266 280 301 176 231 145 109 219 21 41 45 -1 225 200 163 141 271 269 114 238 258 274 -9999 -9999
-9999 -9999 -9999 -9999 -9999 -9999 -9999 -9999 -9999 -9999 -9999 -9999 -9999 -9999 -9999 -9999 -9999 -9999 -9999 -9999 -9999 -9999 -9999 -9999 -9999 -9999 -9999 -9999 -9999 -9999 -9999 -9999 -9999 -9999 -9999 -9999 -9999 164 132 101 72 65 43 36 24 28 15 0 45 249 237 182 69 314 38 80 54 225 136 210 250 229 211 198 178 227 191 88 293 304 41 8 7 45 -1 -1 -1 245 193 144 211 234 231 227 -9999
-9999 -9999 -9999 -9999 -9999 -9999 -9999 -9999 -9999 -9999 -9999 -9999 -9999 -9999 -9999 -9999 -9999 -9999 -9999 -9999 -9999 -9999 -9999 -9999 -9999 -9999 -9999 -9999 -9999 -9999 -9999 -9999 -9999 -9999 -9999 -9999 193 157 208 342 66 58 34 36 31 351 353 14 23 270 239 211 207 245 110 95 110 180 151 240 241 209 197 200 207 231 213 129 306 315 8 16 54 90 -1 -1 -1 225 180 135 225 243 233 228 222
-9999 -9999 -9999 -9999 -9999 -9999 -9999 -9999 -9999 -9999 -9999 -9999 -9999 -9999 -9999 -9999 -9999 -9999 -9999 -9999 -9999 -9999 -9999 -9999 -9999 -9999 -9999 -9999 -9999 -9999 -9999 -9999 -9999 -9999 -9999 -9999 151 97 274 280 79 63 21 33 24 349 357 20 20 18 307 270 216 215 167 118 112 -1 -1 225 223 188 187 214 224 227 257 330 358 345 346 17 54 73 -1 -1 -1 -1 -1 -1 -1 263 248 246 244
-9999 -9999 -9999 -9999 -9999 -9999 -9999 -9999 -9999 -9999 -9999 -9999 -9999 -9999 -9999 -9999 -9999 -9999 -9999 -9999 -9999 -9999 -9999 -9999 -9999 -9999 -9999 -9999 -9999 -9999 -9999 -9999 -9999 -9999 -9999 -9999 -9999 22 261 210 110 92 323 11 12 357 17 26 11 23 7 350 47 208 180 147 135 -1 -1 -1 225 180 161 219 226 252 285 323 27 44 292 7 63 62 337 14 45 -1 315 341 18 271 230 253 262
-9999 -9999 -9999 -9999 -9999 -9999 -9999 -9999 -9999 -9999 -9999 -9999 -9999 -9999 -9999 -9999 -9999 -9999 -9999 -9999 -9999 -9999 -9999 -9999 -9999 -9999 -9999 -9999 -9999 -9999 -9999 -9999 -9999 -9999 -9999 -9999 -9999 -9999 -9999 181 137 105 309 327 350 2 30 15 3 31 33 32 49 52 45 -1 -1 -1 -1 -1 -1 -1 -1 -1 232 262 266 261 82 48 335 26 76 51 342 30 66 -1 276 294 44 32 285 261 256
