test_domain_2/input/morph/aspect.asc
ncols	240
nrows	240
xllcorner	4597369
yllcorner	2495847
cellsize	500
NODATA_value	-9999
[rows 38 to 75 of 240, columns 0 to 84 of 240]
-9999 -9999 -9999 -9999 -9999 -9999 -9999 -9999 -9999 -9999 -9999 -9999 -9999 175 114 -9999 -9999 -9999 -9999 -9999 -9999 -9999 -9999 -9999 -9999 -9999 -9999 -9999 -9999 -9999 6 28 294 76 85 89 94 110 127 153 339 336 304 301 79 95 303 317 341 53 80 65 277 287 21 62 1 4 19 17 49 66 238 247 264 341 97 200 184 164 165 160 183 133 97 310 63 77 28 352 37 50 269 226 228
-9999 -9999 -9999 -9999 -9999 -9999 -9999 -9999 -9999 -9999 -9999 -9999 -9999 -9999 -9999 -9999 -9999 -9999 -9999 -9999 -9999 -9999 -9999 -9999 -9999 -9999 -9999 -9999 -9999 -9999 -9999 68 337 352 48 69 85 97 85 310 322 351 349 323 88 53 323 321 23 87 101 103 273 284 17 2 338 16 43 24 62 71 26 284 269 173 134 167 163 134 129 145 182 154 327 317 61 49 19 7 78 95 243 212 220
-9999 -9999 -9999 -9999 -9999 -9999 -9999 -9999 -9999 -9999 -9999 -9999 -9999 -9999 -9999 -9999 -9999 -9999 -9999 -9999 -9999 -9999 -9999 -9999 -9999 -9999 -9999 -9999 -9999 -9999 -9999 -9999 -9999 225 72 70 73 76 346 308 315 355 18 33 56 351 331 334 103 112 117 327 292 302 6 0 338 57 45 28 65 72 69 234 195 182 171 173 173 128 81 77 117 174 212 179 162 128 96 124 134 166 230 220 218
-9999 -9999 -9999 -9999 -9999 -9999 -9999 -9999 -9999 -9999 -9999 -9999 -9999 -9999 -9999 -9999 -9999 -9999 -9999 -9999 -9999 -9999 -9999 -9999 -9999 -9999 -9999 -9999 -9999 -9999 -9999 -9999 -9999 -9999 135 106 84 79 307 302 305 15 55 39 14 344 352 95 117 120 275 316 299 302 28 54 117 75 41 53 60 62 58 2 153 176 198 207 187 176 110 98 89 125 178 169 177 178 159 134 127 205 232 216 198
-9999 -9999 -9999 -9999 -9999 -9999 -9999 -9999 -9999 -9999 -9999 -9999 -9999 -9999 -9999 -9999 -9999 -9999 -9999 -9999 -9999 -9999 -9999 -9999 -9999 -9999 -9999 -9999 -9999 -9999 -9999 -9999 -9999 -9999 112 138 122 88 298 293 299 53 31 4 1 21 105 119 115 115 292 309 312 294 112 121 158 158 137 134 118 71 46 16 20 34 85 198 188 217 92 103 129 123 115 128 150 174 168 125 73 355 232 227 190
-9999 -9999 -9999 -9999 -9999 -9999 -9999 -9999 -9999 -9999 -9999 -9999 -9999 -9999 -9999 -9999 -9999 -9999 -9999 -9999 -9999 -9999 -9999 -9999 -9999 -9999 -9999 -9999 -9999 -9999 -9999 -9999 -9999 -9999 113 114 84 1 310 296 305 34 8 335 117 119 124 127 118 322 305 310 335 134 145 143 176 170 128 125 148 99 59 40 37 39 37 43 163 209 175 129 128 142 117 119 136 142 166 130 39 49 169 231 218
-9999 -9999 -9999 -9999 -9999 -9999 -9999 -9999 -9999 -9999 -9999 -9999 -9999 -9999 -9999 -9999 -9999 -9999 -9999 -9999 -9999 -9999 -9999 -9999 -9999 -9999 -9999 -9999 -9999 -9999 -9999 -9999 -9999 -9999 78 18 354 350 333 323 325 49 98 152 141 110 108 113 74 309 306 309 99 121 146 142 183 176 132 111 125 125 113 97 93 71 49 49 30 353 124 138 71 31 62 86 121 125 157 174 186 82 83 233 241
-9999 -9999 -9999 -9999 -9999 -9999 -9999 -9999 -9999 -9999 -9999 -9999 -9999 -9999 -9999 -9999 -9999 -9999 -9999 -9999 -9999 -9999 -9999 -9999 -9999 -9999 -9999 -9999 -9999 -9999 -9999 -9999 -9999 -9999 277 337 345 351 358 3 57 126 130 134 127 100 105 108 328 310 302 168 122 118 121 125 174 157 147 134 113 108 106 81 77 89 101 78 359 12 47 5 12 18 49 78 111 327 45 119 204 129 92 213 237
-9999 -9999 -9999 -9999 -9999 -9999 -9999 -9999 -9999 -9999 -9999 -9999 -9999 -9999 -9999 -9999 -9999 -9999 -9999 -9999 -9999 -9999 -9999 -9999 -9999 -9999 -9999 -9999 -9999 -9999 -9999 -9999 -9999 -9999 -9999 -9999 -9999 271 91 99 124 139 145 152 146 111 106 302 313 312 284 123 123 137 137 114 104 113 120 129 93 81 63 73 71 58 39 27 336 25 57 10 21 41 71 85 116 215 141 146 255 100 82 78 203
-9999 -9999 -9999 -9999 -9999 -9999 -9999 -9999 -9999 -9999 -9999 -9999 -9999 -9999 -9999 -9999 -9999 -9999 -9999 -9999 -9999 -9999 -9999 -9999 -9999 -9999 -9999 -9999 -9999 -9999 -9999 -9999 -9999 -9999 -9999 -9999 -9999 187 163 132 114 122 142 164 141 113 75 306 303 258 171 132 122 148 157 172 132 113 98 44 76 73 60 68 57 34 14 21 342 36 57 45 90 121 127 110 112 197 225 338 18 102 80 73 111
-9999 -9999 -9999 -9999 -9999 -9999 -9999 -9999 -9999 -9999 -9999 -9999 -9999 -9999 -9999 -9999 -9999 -9999 -9999 -9999 -9999 -9999 -9999 -9999 -9999 -9999 -9999 -9999 -9999 -9999 -9999 -9999 -9999 -9999 -9999 -9999 -9999 175 177 161 131 107 116 149 134 75 347 323 325 113 149 139 121 142 159 181 143 88 77 104 95 98 105 77 18 19 10 45 99 152 110 103 108 101 76 56 56 44 281 310 72 111 184 70 60
-9999 -9999 -9999 -9999 -9999 -9999 -9999 -9999 -9999 -9999 -9999 -9999 -9999 -9999 -9999 -9999 -9999 -9999 -9999 -9999 -9999 -9999 -9999 -9999 -9999 -9999 -9999 -9999 -9999 -9999 -9999 -9999 -9999 -9999 -9999 -9999 162 157 168 170 177 100 67 27 21 2 325 327 48 86 107 130 105 88 89 248 316 69 87 131 112 95 60 355 341 11 18 63 88 132 139 135 135 145 133 102 99 106 234 203 141 118 181 183 87
-9999 -9999 -9999 -9999 -9999 -9999 -9999 -9999 -9999 -9999 -9999 -9999 -9999 -9999 -9999 -9999 -9999 -9999 -9999 -9999 -9999 -9999 -9999 -9999 -9999 -9999 -9999 -9999 -9999 -9999 -9999 -9999 -9999 -9999 -9999 79 97 82 70 110 199 212 36 2 22 43 216 200 141 106 102 115 113 107 97 210 263 100 106 125 98 57 350 339 329 10 42 57 57 70 103 125 137 167 176 156 143 154 194 191 182 162 148 194 171
-9999 -9999 -9999 -9999 -9999 -9999 -9999 -9999 -9999 -9999 -9999 -9999 -9999 -9999 -9999 -9999 -9999 -9999 -9999 -9999 -9999 -9999 -9999 -9999 -9999 -9999 -9999 -9999 -9999 -9999 -9999 -9999 -9999 -9999 112 93 78 47 65 78 129 241 258 127 150 127 122 189 171 125 118 131 117 127 137 183 206 119 115 149 138 167 277 291 289 0 50 40 58 70 78 95 110 142 325 16 19 4 24 3 358 164 27 351 333
-9999 -9999 -9999 -9999 -9999 -9999 -9999 -9999 -9999 -9999 -9999 -9999 -9999 -9999 -9999 -9999 -9999 -9999 -9999 -9999 -9999 -9999 -9999 -9999 -9999 -9999 -9999 -9999 -9999 -9999 -9999 -9999 -9999 -9999 97 78 83 128 140 135 114 241 206 138 157 201 95 126 183 130 94 71 8 19 25 53 169 138 105 100 113 192 238 234 234 201 113 70 78 77 81 94 107 273 301 356 9 3 11 1 3 6 359 358 14
-9999 -9999 -9999 -9999 -9999 -9999 -9999 -9999 -9999 -9999 -9999 -9999 -9999 -9999 -9999 -9999 -9999 -9999 -9999 -9999 -9999 -9999 -9999 -9999 -9999 -9999 -9999 -9999 -9999 -9999 176 292 292 -9999 125 95 90 96 90 89 125 167 177 160 173 225 129 94 174 193 77 14 325 2 21 48 55 62 63 49 72 113 227 225 230 194 162 128 88 94 93 84 66 306 301 337 3 7 13 5 2 12 3 0 35
-9999 -9999 -9999 -9999 -9999 -9999 -9999 -9999 -9999 -9999 -9999 -9999 -9999 -9999 -9999 -9999 -9999 -9999 -9999 -9999 -9999 -9999 -9999 -9999 -9999 -9999 -9999 -9999 110 129 261 290 298 218 168 109 103 114 103 80 97 114 141 160 190 238 202 106 146 217 139 214 274 311 37 59 51 41 61 77 91 96 292 281 266 171 175 237 87 90 93 83 55 305 295 320 359 19 23 26 24 28 2 16 65
-9999 -9999 -9999 -9999 -9999 -9999 -9999 -9999 -9999 -9999 -9999 -9999 -9999 -9999 -9999 -9999 -9999 -9999 -9999 -9999 -9999 -9999 -9999 -9999 -9999 -9999 136 157 132 161 277 273 194 152 183 154 133 139 152 124 85 85 103 138 189 225 209 139 149 208 176 225 239 187 174 114 74 47 52 71 86 323 340 351 202 159 176 194 106 82 83 88 66 280 270 279 14 44 29 36 27 18 9 43 61
-9999 -9999 -9999 -9999 -9999 -9999 -9999 -9999 -9999 -9999 -9999 -9999 -9999 -9999 -9999 -9999 -9999 -9999 -9999 -9999 -9999 -9999 -9999 -9999 -9999 163 151 135 132 227 260 253 155 139 163 157 163 205 121 128 121 98 102 118 163 212 211 185 171 198 201 229 217 175 188 171 75 86 86 84 109 239 237 134 160 178 174 170 153 97 76 73 77 266 269 272 60 66 49 46 29 22 27 40 34
-9999 -9999 -9999 -9999 -9999 -9999 -9999 -9999 -9999 -9999 -9999 -9999 -9999 -9999 -9999 -9999 -9999 -9999 -9999 -9999 -9999 -9999 -9999 -9999 145 164 151 126 124 252 256 223 152 114 113 119 174 226 155 141 154 79 57 62 74 215 223 219 203 187 195 210 219 228 271 225 117 123 154 135 126 196 194 143 154 188 181 170 150 87 74 80 89 265 271 275 33 34 18 48 66 23 28 32 14
-9999 -9999 -9999 -9999 -9999 -9999 -9999 -9999 -9999 -9999 -9999 -9999 -9999 -9999 -9999 -9999 -9999 -9999 -9999 -9999 -9999 -9999 -9999 -9999 115 151 161 146 151 261 253 179 171 139 102 80 65 235 160 150 187 105 56 55 61 70 252 251 227 177 174 213 240 248 145 160 149 142 171 174 140 197 203 126 137 191 185 203 240 62 74 64 46 316 270 270 5 16 19 51 53 345 14 29 9
-9999 -9999 -9999 -9999 -9999 -9999 -9999 -9999 -9999 -9999 -9999 -9999 -9999 -9999 -9999 -9999 -9999 -9999 -9999 -9999 -9999 -9999 -9999 -9999 130 117 140 158 199 257 240 138 169 153 146 127 95 236 124 137 193 200 135 101 88 82 281 274 239 147 167 241 246 226 181 119 136 148 180 197 165 234 230 88 80 135 174 206 199 155 137 116 93 312 280 285 353 2 36 46 32 2 348 9 6
-9999 -9999 -9999 -9999 -9999 -9999 -9999 -9999 -9999 -9999 -9999 -9999 -9999 -9999 -9999 -9999 -9999 -9999 -9999 -9999 -9999 -9999 -9999 -9999 155 96 92 132 207 240 221 120 148 121 113 129 129 162 126 119 193 196 155 151 125 114 266 263 203 129 177 248 233 209 197 131 129 154 207 230 208 222 200 119 76 96 161 158 159 157 161 164 152 278 286 292 2 4 36 30 20 12 341 356 8
-9999 -9999 -9999 -9999 -9999 -9999 -9999 -9999 -9999 -9999 -9999 -9999 -9999 -9999 -9999 -9999 -9999 -9999 -9999 -9999 -9999 -9999 -9999 -9999 -9999 93 85 76 170 219 206 156 156 109 72 47 64 71 64 60 84 161 150 145 123 128 245 248 177 119 165 213 201 188 189 145 124 170 233 244 231 200 170 171 164 165 195 114 116 133 266 0 353 312 291 270 210 326 49 14 357 7 354 355 4
-9999 -9999 -9999 -9999 -9999 -9999 -9999 -9999 -9999 -9999 -9999 -9999 -9999 -9999 -9999 -9999 -9999 -9999 -9999 -9999 -9999 -9999 -9999 -9999 -9999 105 108 83 84 181 205 206 241 91 121 324 29 34 21 39 55 60 41 27 57 86 245 246 181 117 137 199 193 185 185 163 136 179 227 229 218 166 147 161 180 204 219 98 84 37 317 347 351 324 283 226 210 199 193 307 328 5 14 2 2
-9999 -9999 -9999 -9999 -9999 -9999 -9999 -9999 -9999 -9999 -9999 -9999 -9999 -9999 -9999 -9999 -9999 -9999 -9999 -9999 -9999 -9999 -9999 201 170 147 138 139 80 59 205 213 205 165 165 268 47 93 135 109 73 46 31 43 79 86 245 238 188 125 120 176 186 187 186 176 161 183 227 235 194 154 150 152 190 214 211 181 111 192 274 309 348 343 315 237 215 200 202 235 259 352 36 14 28
-9999 -9999 -9999 -9999 -9999 -9999 -9999 -9999 -9999 -9999 -9999 -9999 -9999 -9999 -9999 -9999 -9999 -9999 -9999 -9999 -9999 -9999 -9999 112 127 141 123 132 109 67 74 145 177 187 202 213 168 145 154 152 138 134 146 163 141 117 208 218 188 148 137 167 177 186 190 235 329 10 258 230 163 146 154 142 210 209 210 190 146 251 271 279 340 8 8 4 250 214 201 232 238 222 357 17 24
-9999 -9999 -9999 -9999 -9999 -9999 -9999 -9999 -9999 -9999 -9999 -9999 -9999 -9999 -9999 -9999 -9999 -9999 -9999 -9999 -9999 -9999 65 53 39 53 88 127 149 164 121 112 143 183 199 195 181 177 167 158 162 154 152 172 163 147 183 199 185 166 335 351 14 19 352 311 343 54 181 187 157 76 353 10 4 18 225 192 256 307 297 287 308 345 0 22 24 2 353 262 239 213 204 198 289
-9999 -9999 -9999 -9999 -9999 -9999 -9999 -9999 -9999 -9999 -9999 -9999 -9999 -9999 -9999 -9999 -9999 -9999 -9999 -9999 -9999 -9999 116 124 144 137 135 132 122 160 132 99 99 144 194 195 188 184 172 159 162 161 141 174 161 142 315 327 343 323 303 336 48 64 315 266 175 128 147 235 335 329 350 24 6 3 13 2 315 300 292 285 303 319 344 33 32 23 18 296 205 191 197 211 250
-9999 -9999 -9999 -9999 -9999 -9999 -9999 -9999 -9999 -9999 -9999 -9999 -9999 -9999 -9999 -9999 -9999 -9999 -9999 -9999 -9999 -9999 195 68 83 108 113 85 84 97 105 82 76 78 123 194 191 183 174 157 135 0 45 -1 -1 -1 270 284 311 312 269 185 141 132 205 195 164 154 168 293 299 284 201 113 320 329 3 3 336 303 275 281 313 318 328 30 25 27 19 3 76 136 180 208 220
-9999 -9999 -9999 -9999 -9999 -9999 -9999 -9999 -9999 -9999 -9999 -9999 -9999 -9999 -9999 -9999 -9999 -9999 -9999 -9999 -9999 -9999 -9999 -9999 51 58 83 119 70 42 38 54 68 61 44 42 343 0 355 352 354 1 11 11 1 18 45 236 242 250 173 152 160 147 201 175 135 225 246 250 235 223 202 48 306 305 341 353 350 347 292 271 265 292 325 359 37 53 19 45 55 55 95 178 199
-9999 -9999 -9999 -9999 -9999 -9999 -9999 -9999 -9999 -9999 -9999 -9999 -9999 -9999 -9999 -9999 -9999 -9999 -9999 -9999 -9999 -9999 -9999 -9999 -9999 63 64 28 36 38 17 34 49 43 36 15 348 358 357 357 358 2 11 16 14 32 60 225 225 212 160 124 135 -1 -1 -1 -1 315 288 267 264 294 341 354 326 322 334 340 351 359 335 310 271 274 316 332 43 49 16 70 85 58 53 73 150
-9999 -9999 -9999 -9999 -9999 -9999 -9999 -9999 -9999 -9999 -9999 -9999 -9999 -9999 -9999 -9999 -9999 -9999 -9999 -9999 -9999 -9999 -9999 -9999 -9999 -9999 -9999 7 19 30 353 13 54 59 39 6 344 349 358 1 0 5 18 29 38 52 59 29 225 203 179 0 13 44 45 315 330 341 336 341 303 294 319 341 319 317 332 341 347 353 352 3 333 266 287 332 14 30 20 39 48 0 32 68 73
-9999 -9999 -9999 -9999 -9999 -9999 -9999 -9999 -9999 -9999 -9999 -9999 -9999 -9999 -9999 -9999 -9999 -9999 -9999 -9999 -9999 -9999 -9999 -9999 -9999 -9999 -9999 -9999 28 29 6 33 85 72 22 10 333 318 356 1 6 24 53 67 65 44 29 25 35 333 338 4 38 46 339 337 336 342 347 351 321 310 324 324 308 296 311 336 344 357 2 19 17 320 286 303 8 37 26 26 41 20 33 76 75
-9999 -9999 -9999 -9999 -9999 -9999 -9999 -9999 -9999 -9999 -9999 -9999 -9999 -9999 -9999 -9999 -9999 -9999 -9999 -9999 -9999 -9999 -9999 -9999 -9999 -9999 -9999 -9999 28 35 26 37 34 33 15 34 340 281 305 334 55 96 104 91 58 13 12 15 6 351 355 24 28 4 351 344 342 351 352 347 332 332 351 344 329 305 309 324 314 18 6 8 14 350 307 265 262 47 25 20 48 66 127 121 121
-9999 -9999 -9999 -9999 -9999 -9999 -9999 -9999 -9999 -9999 -9999 -9999 -9999 -9999 -9999 -9999 -9999 -9999 -9999 -9999 -9999 -9999 -9999 -9999 -9999 -9999 -9999 -9999 -9999 -9999 20 30 28 54 67 76 355 278 282 313 82 87 78 64 22 349 0 3 354 2 33 20 1 357 358 350 347 358 351 346 331 336 359 355 352 318 286 174 197 191 247 327 356 354 343 304 289 61 21 8 59 89 117 128 141
-9999 -9999 -9999 -9999 -9999 -9999 -9999 -9999 -9999 -9999 -9999 -9999 -9999 -9999 -9999 -9999 -9999 -9999 -9999 -9999 -9999 -9999 -9999 -9999 -9999 -9999 -9999 -9999 -9999 -9999 -9999 -9999 80 96 93 61 358 312 276 305 47 45 47 55 345 339 353 357 351 28 52 350 343 358 7 350 353 2 348 2 316 313 353 350 14 30 191 149 183 216 230 236 249 300 323 337 1 33 349 63 103 102 96 95 118
-9999 -9999 -9999 -9999 -9999 -9999 -9999 -9999 -9999 -9999 -9999 -9999 -9999 -9999 -9999 -9999 -9999 -9999 -9999 -9999 -9999 -9999 -9999 -9999 -9999 -9999 -9999 -9999 -9999 -9999 -9999 -9999 100 51 40 13 13 355 296 303 30 54 63 36 333 337 353 1 0 28 37 347 326 3 19 345 10 358 342 32 319 241 -9999 -9999 58 69 44 98 171 228 200 197 186 202 229 216 169 25 46 124 123 114 102 96 108
