test_domain_2/input/morph/aspect.asc
ncols	240
nrows	240
xllcorner	4597369
yllcorner	2495847
cellsize	500
NODATA_value	-9999
[rows 114 to 151 of 240, columns 85 to 169 of 240]
209 222 226 257 247 90 6 42 51 21 9 284 273 271 93 97 142 158 170 87 64 300 28 19 40 89 100 87 284 288 19 22 11 14 350 340 28 78 271 264 199 175 129 117 108 302 1 59 -1 -1 -1 -1 -1 -1 -1 -1 -1 -1 -1 -1 -1 -1 270 289 26 70 -1 -1 -1 -1 -1 -1 -1 -1 -1 -1 -1 -1 270 273 327 28 267 221 215
215 220 243 252 237 236 296 37 32 23 23 341 263 227 122 81 18 354 356 0 1 340 75 125 129 133 161 122 319 288 106 100 115 300 321 338 74 88 263 229 142 171 158 152 330 332 42 87 -1 -1 -1 -1 -1 -1 -1 -1 -1 -1 -1 -1 -1 -1 225 236 167 52 0 45 -1 -1 -1 -1 -1 -1 -1 -1 -1 -1 278 271 291 347 3 23 232
246 245 239 237 228 230 247 322 13 31 34 9 48 195 185 73 358 3 14 8 143 158 135 104 94 78 26 351 329 343 110 135 344 322 303 67 100 89 252 190 131 37 347 340 333 305 86 74 45 -1 -1 -1 -1 -1 -1 -1 -1 -1 -1 -1 -1 -1 -1 225 180 248 315 19 45 315 0 45 -1 -1 -1 -1 -1 315 330 240 255 279 357 21 17
328 266 273 285 261 242 248 240 254 49 46 43 80 116 202 196 191 177 149 143 160 174 353 23 40 11 355 355 349 27 71 339 314 352 39 138 127 112 274 334 341 348 353 353 56 149 161 102 90 -1 -1 -1 -1 -1 -1 -1 -1 -1 -1 -1 -1 -1 -1 -1 -1 225 265 347 53 28 -1 90 -1 -1 315 0 45 270 225 283 264 231 210 261 41
7 10 263 256 201 247 235 225 228 160 104 83 81 73 90 176 197 189 173 128 338 329 353 8 36 2 344 33 316 81 86 263 265 129 135 152 152 164 288 313 300 312 71 146 119 116 191 153 135 -1 -1 -1 -1 -1 -1 -1 -1 -1 -1 -1 -1 -1 -1 -1 -1 -1 244 218 108 90 180 135 -1 -1 270 -1 90 225 180 236 222 195 224 231 152
353 21 335 225 198 216 221 238 214 168 167 132 99 90 78 75 268 162 161 180 225 239 192 145 110 133 149 166 185 162 130 169 211 160 133 151 262 321 230 207 215 187 160 158 159 135 -1 -1 -1 -1 -1 -1 -1 -1 -1 -1 -1 -1 -1 -1 -1 -1 -1 -1 -1 -1 225 209 163 341 0 45 -1 315 350 41 78 -1 -1 261 307 351 276 206 175
240 341 14 19 357 195 218 215 188 188 264 76 102 130 81 67 129 129 140 181 203 206 184 169 172 162 144 155 189 178 155 164 194 169 142 176 270 214 135 210 200 169 159 130 -1 -1 -1 -1 -1 -1 -1 -1 -1 -1 -1 -1 -1 -1 -1 -1 -1 -1 -1 -1 -1 -1 -1 225 180 280 341 54 45 297 327 15 46 -1 -1 305 309 356 53 153 290
239 254 27 25 28 47 232 215 207 251 278 60 82 121 165 149 141 125 116 163 213 196 175 166 177 169 145 128 225 196 160 137 135 315 333 5 209 180 90 333 130 143 180 135 -1 -1 -1 -1 -1 -1 -1 -1 -1 -1 -1 -1 -1 -1 -1 -1 -1 -1 -1 -1 -1 -1 -1 -1 -1 245 211 114 57 307 323 9 39 45 315 294 289 27 85 351 310
236 241 237 350 42 32 8 342 347 270 250 120 99 125 165 181 153 104 93 323 335 58 92 99 135 177 147 135 -1 -1 -1 -1 315 329 356 55 90 270 270 90 90 -1 -1 -1 -1 -1 -1 -1 -1 -1 -1 -1 -1 -1 -1 -1 -1 -1 -1 -1 -1 -1 -1 -1 -1 -1 -1 -1 -1 225 198 161 286 282 272 87 76 51 358 261 243 176 83 356 245
268 251 251 208 135 10 4 344 6 358 253 147 106 118 148 198 207 116 113 282 281 73 59 57 54 45 -1 -1 -1 315 0 45 270 264 131 117 135 225 213 173 135 -1 -1 -1 -1 -1 -1 -1 -1 -1 -1 -1 -1 -1 -1 -1 -1 -1 -1 -1 -1 -1 -1 -1 -1 -1 -1 -1 -1 -1 -1 -1 273 233 211 177 149 343 31 219 235 242 31 41 225
9 293 245 196 190 193 220 301 2 50 215 144 83 57 65 157 206 164 335 343 126 144 109 56 43 35 9 45 -1 270 -1 90 225 202 164 135 -1 -1 -1 -1 -1 -1 -1 -1 -1 -1 -1 -1 -1 -1 -1 -1 -1 -1 -1 -1 -1 -1 -1 -1 -1 -1 -1 -1 -1 -1 -1 -1 -1 -1 -1 315 262 179 201 194 152 238 118 45 283 268 254 78 41
47 353 243 201 198 206 265 275 122 116 181 214 66 53 66 75 195 205 211 175 151 124 46 32 30 13 29 66 0 45 180 135 -1 -1 -1 -1 -1 -1 -1 -1 -1 -1 -1 -1 -1 -1 -1 -1 -1 -1 -1 -1 -1 -1 -1 -1 -1 -1 -1 -1 -1 -1 -1 -1 -1 -1 -1 -1 -1 -1 -1 270 225 152 186 253 65 193 227 338 306 262 178 147 179
69 3 338 200 206 239 245 208 160 145 227 231 95 90 81 56 33 80 190 185 194 186 165 183 210 114 107 104 -1 90 -1 -1 -1 -1 -1 -1 -1 -1 -1 -1 -1 -1 -1 -1 -1 -1 -1 -1 -1 -1 -1 -1 -1 -1 -1 -1 -1 -1 -1 -1 -1 -1 -1 -1 -1 -1 -1 -1 -1 -1 -1 225 180 135 -1 247 180 140 242 253 268 182 161 161 205
62 355 19 16 24 226 203 186 167 182 226 191 147 60 50 42 39 55 66 216 203 183 168 198 204 165 143 136 180 135 -1 -1 -1 -1 -1 -1 -1 -1 -1 -1 -1 -1 -1 -1 -1 -1 -1 -1 -1 -1 -1 -1 -1 -1 -1 -1 -1 -1 -1 -1 -1 -1 -1 -1 -1 -1 -1 -1 -1 -1 -1 -1 -1 -1 -1 225 180 162 229 237 203 155 174 155 188
47 347 23 30 60 319 318 344 318 202 195 187 226 347 53 55 43 55 46 5 17 45 -1 225 198 161 135 -1 -1 -1 -1 -1 -1 -1 -1 -1 -1 -1 -1 -1 -1 -1 -1 -1 -1 -1 -1 -1 -1 -1 -1 -1 -1 -1 -1 -1 -1 -1 -1 -1 -1 -1 -1 -1 -1 -1 -1 -1 -1 -1 -1 -1 -1 -1 -1 -1 315 0 225 223 199 146 201 164 136
355 281 15 32 41 348 325 26 3 357 0 342 325 318 56 72 37 34 28 24 53 57 0 7 0 45 -1 -1 -1 -1 -1 -1 -1 -1 -1 -1 -1 -1 -1 -1 -1 -1 -1 -1 -1 -1 -1 -1 -1 -1 -1 -1 -1 -1 -1 -1 -1 -1 -1 -1 -1 -1 -1 -1 -1 -1 -1 -1 -1 -1 -1 -1 -1 -1 -1 -1 270 -1 90 225 241 137 158 180 124
21 324 4 25 43 33 206 153 318 341 350 333 306 278 93 78 21 5 25 33 23 358 9 18 23 61 -1 -1 -1 -1 -1 -1 -1 -1 -1 -1 -1 -1 -1 -1 -1 -1 -1 -1 -1 -1 -1 -1 -1 -1 -1 -1 315 346 23 45 -1 -1 -1 -1 -1 -1 -1 -1 -1 -1 -1 -1 -1 -1 -1 -1 -1 -1 -1 -1 225 180 135 -1 225 180 149 180 135
15 340 36 70 95 89 26 338 309 111 211 177 196 187 137 117 95 283 346 16 10 6 43 68 88 97 -1 -1 -1 -1 -1 -1 -1 -1 -1 -1 -1 -1 -1 -1 -1 -1 -1 -1 -1 -1 -1 315 0 45 -1 315 289 319 25 49 45 -1 -1 -1 -1 -1 -1 -1 -1 -1 -1 -1 -1 -1 -1 -1 -1 -1 -1 -1 -1 -1 -1 -1 -1 -1 -1 -1 -1
41 96 132 82 56 25 34 121 185 169 184 170 178 173 127 141 186 256 266 291 50 87 102 117 135 130 -1 -1 -1 -1 -1 -1 -1 -1 -1 -1 -1 -1 -1 -1 -1 -1 -1 -1 -1 -1 -1 286 0 73 315 335 332 329 0 26 38 45 -1 -1 -1 -1 -1 -1 -1 -1 -1 -1 -1 -1 -1 -1 -1 -1 -1 -1 -1 -1 -1 -1 -1 -1 -1 -1 -1
-9999 129 207 340 58 57 72 88 140 170 188 203 209 125 118 125 307 251 236 180 163 141 107 100 107 135 -1 -1 -1 -1 -1 -1 -1 -1 -1 -1 -1 -1 -1 -1 -1 -1 -1 -1 -1 -1 -1 262 288 44 331 327 341 338 347 19 41 49 45 -1 -1 -1 -1 -1 -1 -1 -1 -1 -1 -1 -1 -1 -1 -1 -1 315 0 45 -1 -1 -1 -1 -1 -1 -1
-9999 115 228 224 116 138 165 132 48 16 15 196 190 146 138 251 316 64 187 154 154 163 139 104 83 -1 -1 -1 -1 -1 -1 -1 -1 -1 -1 -1 -1 -1 -1 -1 -1 -1 -1 -1 -1 -1 -1 246 262 340 329 330 357 327 333 17 53 64 55 -1 -1 -1 -1 -1 -1 -1 -1 -1 -1 -1 315 340 17 45 -1 304 0 55 -1 -1 -1 -1 -1 -1 -1
-9999 81 164 203 139 133 176 197 230 338 47 98 172 149 156 256 266 109 142 155 147 157 164 113 97 -1 -1 -1 -1 -1 315 345 22 45 -1 -1 -1 -1 -1 -1 -1 -1 315 346 23 11 0 225 237 250 279 300 20 321 326 11 66 75 71 -1 -1 -1 315 333 11 45 -1 -1 315 0 284 297 14 36 12 309 344 46 45 -1 -1 -1 -1 -1 -1
-9999 125 99 140 126 116 194 272 234 200 141 97 89 114 172 246 204 128 104 86 83 68 95 77 8 19 43 45 -1 315 301 331 26 47 45 -1 -1 -1 -1 -1 -1 315 306 334 355 358 12 3 346 261 233 213 214 290 327 16 72 85 86 -1 -1 -1 312 342 4 18 37 18 288 -1 188 278 337 18 21 11 281 52 63 -1 -1 -1 -1 -1 -1
224 142 145 144 118 93 318 323 36 140 172 129 87 106 191 223 177 143 22 32 43 12 2 3 10 56 59 347 7 321 293 296 50 63 62 -1 -1 -1 -1 -1 315 324 316 321 328 352 21 356 357 24 291 245 251 276 308 24 72 86 93 315 329 359 330 302 343 25 42 20 12 0 63 277 301 29 53 81 227 153 98 -1 -1 -1 -1 -1 -1
212 141 135 152 138 197 283 302 51 62 70 164 126 99 151 183 153 183 246 55 59 356 340 12 48 78 358 333 3 339 306 300 65 73 67 45 -1 -1 -1 -1 294 311 326 336 325 338 50 342 338 51 34 287 294 292 301 14 58 65 37 350 346 4 33 287 292 24 41 41 1 6 61 265 262 60 71 82 182 184 118 352 321 3 44 45 315
205 177 123 116 123 256 254 238 5 55 43 72 112 41 79 150 159 184 218 188 113 314 306 44 65 58 332 321 358 357 326 335 40 56 58 58 -1 -1 -1 -1 277 286 306 333 2 20 37 359 292 63 56 303 304 303 294 335 45 50 22 353 6 48 89 279 284 359 54 77 206 147 100 247 245 268 67 80 88 229 135 270 292 1 62 49 274
193 204 180 101 94 284 299 222 215 112 41 65 81 231 83 63 32 104 204 191 172 251 263 94 87 45 325 313 345 12 3 2 44 36 45 48 45 -1 -1 -1 280 283 279 283 13 37 40 352 339 25 37 306 289 294 294 299 45 64 50 350 73 109 138 302 304 337 66 69 23 339 36 45 238 237 106 83 74 225 180 187 256 231 78 55 258
104 204 197 162 163 266 234 145 203 201 201 82 78 227 103 58 36 76 180 135 225 247 234 139 107 327 308 292 305 42 52 41 20 2 30 52 63 45 -1 -1 285 299 305 239 196 133 104 297 316 38 49 293 271 274 280 255 127 92 78 30 94 94 304 307 323 5 69 61 18 338 34 60 240 248 310 55 51 0 45 -1 252 241 92 81 282
139 126 175 178 210 243 206 131 147 234 233 90 84 90 112 91 83 89 -1 -1 315 271 240 138 135 308 306 266 225 152 100 93 307 325 27 57 53 36 45 -1 272 282 355 130 191 167 187 279 290 47 46 324 296 289 288 208 133 100 65 69 99 72 314 324 36 110 42 43 13 353 59 62 59 262 280 56 50 352 38 33 289 293 20 15 332
184 37 52 91 222 244 256 347 102 198 224 106 78 80 118 163 55 56 45 -1 312 307 6 92 286 299 327 313 225 205 99 77 281 282 14 49 39 36 43 44 247 237 195 132 177 226 296 297 310 21 28 337 298 288 297 113 123 121 110 110 115 277 301 355 66 49 318 8 16 40 69 72 79 246 248 75 35 359 41 14 332 333 350 353 345
300 319 79 91 239 241 240 229 93 137 191 202 80 78 100 145 181 114 90 -1 282 288 85 82 278 273 296 353 2 356 101 83 273 278 325 32 29 46 55 44 224 220 207 155 186 258 294 307 323 23 26 333 281 256 225 110 103 115 122 116 100 296 281 83 63 28 301 325 45 70 57 43 41 14 257 266 21 10 36 6 340 353 350 276 171
344 311 55 61 52 222 229 218 150 48 53 215 159 120 108 107 158 167 135 -1 263 254 92 35 286 269 272 311 22 43 52 77 260 264 272 17 21 55 58 50 64 229 219 170 190 238 257 287 334 49 12 333 344 275 271 44 61 67 91 89 329 324 330 315 2 19 8 284 77 60 28 16 31 47 282 263 309 357 22 1 6 56 108 180 135
51 298 35 71 101 197 218 207 226 314 33 53 121 147 177 124 60 45 45 -1 251 252 39 350 288 272 271 280 46 51 35 34 335 308 286 208 200 61 56 55 62 45 219 177 208 263 267 265 232 106 271 303 6 340 275 354 71 65 69 65 291 313 13 336 328 17 46 41 4 35 23 16 59 70 343 259 284 342 27 353 43 74 67 45 -1
67 259 92 85 89 173 169 188 229 215 169 72 62 79 167 176 312 17 25 4 303 265 216 248 267 256 258 257 129 97 54 19 330 326 350 57 198 85 63 63 62 47 45 -1 286 285 290 290 177 118 237 241 214 348 248 191 110 82 81 90 258 272 4 334 316 37 64 50 356 355 22 38 68 61 48 251 258 249 105 229 91 85 43 42 12
42 335 25 61 50 45 93 107 204 195 204 206 72 57 50 273 268 326 23 17 351 282 183 230 256 274 270 236 181 143 164 193 240 235 163 66 66 279 75 77 76 78 90 -1 277 271 272 294 38 66 247 220 198 186 175 177 165 124 96 92 274 275 312 310 295 88 65 50 31 324 12 56 61 47 49 32 237 198 163 243 93 91 105 84 337
26 11 12 39 62 67 102 114 107 16 234 214 169 101 76 336 289 298 353 16 17 33 93 246 243 251 251 205 184 169 176 208 232 228 201 213 83 149 99 82 82 85 31 45 258 260 260 265 23 51 45 258 176 179 175 169 171 167 124 97 268 262 259 278 39 81 58 63 61 296 67 93 101 78 56 62 178 213 233 252 111 70 38 63 287
28 21 22 52 70 53 41 64 343 9 107 219 191 146 28 357 321 297 313 359 27 38 24 346 255 231 216 185 172 176 196 229 253 258 206 207 172 126 91 73 62 28 16 53 287 270 266 258 253 68 65 352 34 9 30 91 129 159 155 112 248 235 235 253 100 122 124 83 75 133 170 111 110 148 92 74 68 276 270 238 188 5 42 66 263
61 48 50 68 65 31 13 15 12 16 29 3 12 325 300 344 0 291 262 290 61 62 25 23 35 235 215 192 166 194 233 242 249 265 7 138 196 173 64 53 36 9 30 55 340 274 265 254 232 121 90 67 126 159 145 83 64 59 16 12 354 239 243 246 178 121 145 103 84 86 141 102 92 130 149 138 105 279 276 146 240 271 62 65 270
