test_domain_2/input/morph/aspect.asc
ncols	240
nrows	240
xllcorner	4597369
yllcorner	2495847
cellsize	500
NODATA_value	-9999
[rows 76 to 113 of 240, columns 85 to 169 of 240]
17 11 18 45 97 135 244 219 159 129 164 214 195 141 142 227 188 142 158 174 187 224 231 166 121 128 123 124 119 87 78 91 -1 -1 -1 -1 -1 -1 -1 -1 225 180 135 -1 225 180 135 -1 -1 -1 -1 -1 -1 -1 -1 -1 -1 -1 -1 -1 -1 -1 -1 -1 225 180 207 200 171 203 175 130 135 254 237 205 209 209 192 182 174 189 197 183 184
0 22 58 78 87 -1 225 202 160 120 133 185 193 178 153 214 190 130 154 267 324 330 277 336 43 45 68 92 138 122 107 131 -1 -1 -1 -1 -1 -1 -1 -1 -1 -1 -1 -1 -1 -1 -1 -1 -1 -1 -1 -1 -1 -1 -1 -1 -1 -1 -1 -1 -1 -1 -1 -1 -1 -1 -1 315 338 173 166 135 -1 236 222 200 210 213 199 189 175 194 197 209 240
49 94 99 106 19 344 1 18 355 20 50 66 225 221 169 198 198 135 275 299 317 1 350 333 36 46 54 63 79 127 109 135 -1 -1 -1 -1 -1 -1 -1 -1 -1 -1 -1 -1 -1 -1 -1 -1 -1 -1 -1 -1 -1 -1 -1 -1 -1 -1 -1 -1 -1 -1 -1 -1 -1 -1 -1 270 -1 90 -1 -1 -1 225 227 203 209 224 208 207 225 304 333 316 277
136 143 130 100 308 316 357 31 336 17 64 72 45 225 180 204 198 131 295 302 308 335 349 115 147 131 104 85 84 121 135 -1 -1 -1 -1 -1 -1 -1 -1 -1 -1 -1 -1 -1 -1 -1 -1 -1 -1 -1 -1 -1 -1 -1 -1 -1 -1 -1 -1 -1 -1 -1 -1 -1 -1 -1 -1 225 180 135 -1 -1 -1 -1 239 200 235 239 187 206 221 253 288 284 200
147 148 211 342 349 284 317 41 315 35 65 43 33 19 45 225 180 282 287 284 134 195 201 123 149 140 140 115 103 118 -1 -1 -1 -1 -1 -1 -1 -1 -1 -1 -1 -1 -1 -1 -1 -1 -1 -1 -1 -1 -1 -1 -1 -1 -1 -1 -1 -1 -1 -1 -1 -1 -1 -1 -1 -1 -1 -1 -1 -1 -1 -1 -1 -1 225 191 231 210 173 222 229 224 210 177 180
149 335 328 353 33 325 252 92 282 38 48 32 27 14 36 45 -1 256 261 230 133 242 218 117 147 141 142 123 113 135 -1 -1 -1 -1 -1 -1 -1 -1 -1 -1 -1 -1 -1 -1 -1 -1 -1 -1 -1 -1 -1 -1 -1 -1 -1 -1 -1 -1 -1 -1 -1 -1 -1 -1 -1 -1 -1 -1 -1 -1 -1 -1 -1 -1 -1 315 272 192 288 292 261 205 205 190 197
326 287 277 340 81 98 228 230 301 327 48 46 36 28 45 39 38 225 232 192 172 271 64 101 128 136 129 123 111 -1 -1 -1 -1 -1 -1 -1 -1 -1 -1 -1 -1 -1 -1 -1 -1 -1 -1 -1 -1 -1 -1 -1 -1 -1 -1 -1 -1 -1 -1 -1 -1 -1 -1 -1 -1 -1 -1 -1 -1 -1 -1 -1 -1 -1 -1 270 225 140 259 246 162 169 206 200 202
13 260 230 197 114 89 301 327 104 162 180 162 119 100 92 73 69 332 337 140 245 269 97 98 125 135 115 124 113 -1 -1 -1 -1 -1 -1 -1 -1 -1 -1 -1 -1 -1 -1 -1 -1 -1 -1 -1 -1 -1 -1 -1 -1 -1 -1 -1 -1 -1 -1 -1 -1 -1 315 320 2 45 -1 -1 -1 -1 -1 -1 -1 -1 -1 225 180 135 225 201 164 161 208 194 204
23 352 335 281 84 36 303 349 72 89 151 176 173 133 135 136 103 304 24 72 280 283 72 89 108 142 129 126 102 -1 -1 -1 -1 -1 -1 -1 -1 -1 -1 -1 -1 -1 -1 -1 -1 -1 -1 -1 -1 -1 -1 -1 -1 -1 -1 -1 -1 -1 -1 -1 -1 315 336 306 48 88 -1 -1 -1 -1 -1 -1 -1 -1 -1 -1 -1 -1 -1 -1 -1 -1 225 180 217
7 354 14 10 353 1 328 42 83 74 70 110 166 154 133 80 357 283 43 70 267 252 115 83 72 99 154 135 90 -1 -1 -1 -1 -1 -1 -1 -1 -1 -1 -1 -1 -1 -1 -1 -1 -1 -1 -1 -1 -1 -1 -1 315 0 45 -1 -1 -1 -1 315 0 28 262 191 159 131 -1 -1 -1 -1 -1 -1 -1 -1 -1 -1 -1 -1 -1 -1 -1 -1 -1 -1 -1
332 354 26 19 329 349 34 111 132 131 129 111 92 38 330 9 6 313 8 51 16 213 172 127 95 92 225 180 135 -1 -1 -1 -1 -1 -1 -1 -1 -1 -1 -1 -1 -1 -1 -1 -1 -1 -1 -1 315 320 355 7 315 19 76 -1 -1 -1 -1 270 -1 97 195 167 120 45 0 45 -1 -1 -1 -1 -1 -1 -1 -1 -1 -1 -1 -1 -1 -1 -1 -1 -1
314 345 25 27 320 343 71 85 76 64 47 14 34 19 294 350 5 323 4 33 15 46 146 172 137 117 -1 -1 -1 -1 -1 -1 -1 -1 -1 -1 -1 -1 -1 -1 -1 -1 -1 -1 -1 -1 -1 315 333 344 27 70 238 145 113 -1 -1 -1 -1 225 180 135 -1 285 0 66 -1 90 -1 -1 -1 -1 -1 -1 -1 -1 -1 -1 -1 -1 -1 -1 -1 -1 -1
310 324 35 25 334 8 63 42 24 21 14 23 70 92 261 293 349 334 13 8 4 46 44 28 84 131 0 45 -1 -1 -1 -1 -1 -1 -1 -1 -1 -1 -1 -1 -1 -1 -1 -1 -1 -1 315 284 272 162 129 156 187 160 135 -1 -1 -1 -1 315 321 354 30 32 180 126 180 135 -1 -1 -1 -1 -1 -1 -1 -1 -1 -1 -1 -1 -1 -1 -1 -1 -1
216 189 176 186 267 87 67 46 68 80 95 106 92 33 311 299 326 86 144 227 252 65 40 38 57 5 358 24 8 344 21 45 -1 -1 -1 -1 -1 -1 -1 -1 -1 -1 -1 -1 -1 -1 303 318 178 171 145 135 -1 -1 -1 -1 -1 -1 -1 311 326 358 28 39 50 135 -1 -1 -1 -1 -1 -1 -1 -1 -1 -1 -1 -1 -1 -1 -1 -1 -1 -1 -1
150 181 187 199 196 168 158 143 136 154 160 142 358 347 335 289 179 154 142 217 207 133 109 105 97 53 75 96 2 313 24 46 45 -1 -1 -1 -1 -1 -1 -1 -1 -1 -1 -1 -1 315 299 31 85 -1 -1 -1 -1 -1 -1 -1 -1 -1 315 311 319 3 49 66 72 -1 -1 -1 -1 -1 -1 -1 -1 -1 -1 -1 -1 -1 -1 -1 -1 -1 -1 -1 -1
95 159 192 209 191 165 163 156 148 150 177 212 281 317 43 130 166 172 161 200 206 157 126 116 96 84 355 74 251 287 11 56 54 45 -1 -1 -1 -1 -1 -1 -1 -1 -1 -1 -1 270 242 146 117 -1 -1 -1 -1 -1 -1 315 315 343 325 322 330 70 100 105 104 -1 -1 -1 -1 -1 -1 -1 -1 -1 -1 -1 -1 -1 -1 -1 -1 -1 -1 -1 -1
80 102 216 251 189 127 145 162 146 137 193 245 270 276 92 87 93 146 165 181 199 179 120 108 106 97 321 29 14 290 335 43 41 51 11 45 -1 -1 -1 -1 -1 -1 -1 -1 -1 225 194 157 135 -1 -1 -1 -1 -1 315 325 308 324 304 310 35 93 91 84 86 -1 -1 -1 -1 -1 -1 -1 -1 -1 -1 -1 -1 -1 -1 -1 -1 -1 -1 315 0
92 91 246 252 154 117 125 174 153 130 293 289 280 280 54 39 41 41 42 91 189 188 153 147 157 286 301 5 36 301 317 29 37 17 12 339 1 40 42 0 45 -1 -1 -1 -1 -1 -1 -1 -1 -1 -1 -1 -1 -1 270 269 244 209 227 221 155 97 75 65 49 45 -1 -1 -1 -1 -1 -1 -1 -1 -1 -1 -1 -1 -1 -1 315 349 347 343 11
113 93 236 226 149 129 109 133 141 242 303 308 297 291 77 90 100 116 130 131 154 170 164 49 331 350 340 337 71 285 291 22 30 4 5 342 26 73 358 346 16 45 -1 -1 -1 -1 -1 -1 -1 315 343 353 9 38 45 213 195 188 206 207 190 161 145 132 104 90 -1 -1 -1 -1 -1 -1 -1 -1 -1 -1 315 0 45 -1 287 325 341 346 358
138 123 178 213 126 130 144 98 100 279 289 291 262 182 160 147 131 137 147 159 200 13 349 324 332 34 352 7 78 271 267 311 14 10 11 47 116 102 327 349 33 60 13 0 45 -1 -1 -1 -1 293 323 356 36 68 68 -1 -1 225 219 228 213 163 145 161 156 135 -1 -1 -1 -1 -1 -1 -1 -1 -1 -1 270 -1 90 -1 276 297 352 14 316
135 142 200 239 92 87 147 145 126 275 271 201 191 176 151 150 139 131 89 335 331 355 356 325 359 89 298 31 55 304 311 313 337 62 118 145 126 336 312 5 85 93 90 -1 90 -1 -1 -1 -1 256 243 172 128 116 105 -1 -1 -1 -1 257 265 358 56 53 0 45 -1 -1 -1 -1 -1 -1 -1 -1 -1 -1 225 180 135 -1 256 240 180 169 221
135 130 275 288 75 73 73 111 173 261 241 153 178 179 155 152 149 286 334 334 329 355 21 358 126 84 313 57 28 293 314 292 269 97 108 129 329 330 323 115 111 111 164 180 135 -1 -1 -1 -1 225 203 176 155 145 135 -1 -1 -1 -1 226 228 203 126 104 -1 90 -1 -1 -1 -1 -1 -1 -1 -1 -1 -1 -1 -1 -1 -1 225 202 181 178 188
155 323 308 311 101 102 79 59 22 252 219 144 160 173 138 31 7 323 315 320 323 14 78 118 197 336 356 61 25 249 201 224 276 76 71 11 306 332 54 96 97 86 1 24 45 -1 -1 -1 -1 -1 -1 -1 -1 -1 -1 -1 -1 -1 -1 225 223 198 162 150 180 135 -1 -1 -1 -1 -1 -1 -1 -1 -1 -1 -1 315 328 7 28 0 45 -1 -1
302 318 266 162 120 92 54 56 56 225 197 169 37 353 336 358 22 315 310 317 311 93 100 54 324 337 31 26 47 228 256 292 304 44 57 41 280 296 95 100 91 51 34 76 330 0 45 -1 -1 -1 -1 -1 -1 -1 -1 -1 -1 -1 -1 -1 -1 -1 -1 -1 -1 -1 -1 -1 -1 -1 -1 -1 -1 -1 -1 -1 -1 270 293 339 356 7 33 45 -1
281 131 163 165 150 168 155 138 126 146 186 268 318 354 332 24 52 308 312 339 77 118 99 325 329 5 36 51 76 20 284 288 303 93 92 91 263 241 90 85 69 25 26 10 342 17 67 0 45 -1 -1 -1 -1 -1 -1 -1 -1 -1 -1 -1 -1 -1 -1 -1 -1 -1 -1 -1 -1 -1 -1 -1 -1 -1 -1 -1 -1 225 264 269 265 80 71 57 45
243 143 140 136 119 173 170 157 162 73 5 274 280 336 1 26 32 292 279 4 83 72 31 300 317 57 101 122 49 7 288 267 246 107 100 96 264 292 48 45 5 5 19 28 55 130 104 333 16 45 -1 -1 -1 -1 -1 -1 -1 -1 -1 -1 -1 -1 -1 -1 -1 -1 -1 -1 -1 -1 -1 -1 -1 -1 -1 -1 -1 -1 247 205 179 181 160 112 90
226 173 170 117 108 131 175 310 339 2 14 294 258 257 352 10 35 301 257 264 39 29 16 305 234 117 94 334 346 4 351 306 303 87 85 84 268 276 45 38 349 25 66 90 125 186 29 7 335 4 25 45 -1 -1 -1 -1 -1 -1 -1 -1 -1 -1 -1 -1 -1 -1 -1 -1 -1 -1 -1 -1 -1 -1 -1 -1 -1 -1 225 180 135 225 194 157 135
207 202 187 144 132 144 338 300 315 5 30 7 265 255 271 331 44 43 272 278 32 73 70 149 171 163 75 304 304 351 5 356 54 108 104 95 261 258 133 68 97 121 125 120 106 302 359 42 305 347 28 30 26 45 -1 -1 -1 -1 -1 -1 -1 -1 -1 -1 -1 -1 -1 -1 -1 -1 -1 -1 -1 -1 -1 -1 -1 -1 -1 -1 -1 -1 -1 -1 -1
38 200 180 153 135 315 338 321 300 24 73 18 302 289 288 310 26 30 319 278 126 121 144 117 146 194 181 227 226 230 274 56 86 95 104 72 297 263 171 147 174 79 67 54 11 315 10 38 307 229 117 99 90 90 -1 -1 -1 -1 -1 -1 -1 -1 -1 -1 -1 -1 -1 -1 -1 -1 -1 -1 -1 -1 -1 -1 -1 -1 -1 -1 -1 -1 -1 -1 315
35 38 59 45 270 280 306 329 269 138 51 346 319 298 292 295 34 58 344 264 106 59 44 62 56 101 205 244 259 251 197 162 127 83 61 349 357 279 152 152 210 244 42 26 5 346 27 65 156 165 162 160 153 135 -1 -1 -1 -1 -1 -1 -1 -1 -1 -1 -1 -1 -1 -1 -1 -1 -1 -1 -1 -1 -1 -1 -1 -1 -1 -1 -1 -1 315 0 277
76 49 35 16 351 252 234 176 185 197 275 329 328 300 290 275 127 130 180 192 155 129 91 28 34 52 2 263 253 194 164 186 213 76 46 314 61 108 137 149 230 249 62 40 25 24 75 96 130 157 148 135 -1 -1 -1 -1 -1 -1 -1 -1 -1 -1 -1 -1 -1 -1 -1 -1 -1 -1 -1 -1 -1 -1 -1 -1 -1 -1 -1 -1 -1 -1 270 315 324
340 7 14 10 21 311 213 177 190 239 241 224 243 274 264 200 138 115 169 199 182 169 162 244 33 54 48 211 208 165 160 241 272 96 121 185 172 102 82 77 241 238 192 145 150 167 161 124 107 -1 -1 -1 -1 -1 -1 -1 -1 -1 -1 -1 -1 -1 -1 -1 -1 -1 -1 -1 -1 -1 -1 -1 -1 -1 -1 -1 -1 -1 -1 -1 -1 315 322 336 333
348 6 11 13 35 55 304 312 340 328 322 305 279 259 198 173 173 106 115 187 181 169 184 222 204 98 87 121 208 152 189 271 250 124 136 178 184 153 126 95 171 216 193 158 151 173 174 154 135 347 25 45 -1 -1 -1 -1 -1 -1 -1 -1 -1 -1 -1 -1 -1 -1 -1 -1 -1 -1 -1 -1 -1 -1 -1 -1 -1 -1 315 0 45 306 320 351 28
357 22 3 22 53 63 352 278 279 297 329 345 331 346 92 109 270 66 72 65 316 43 127 221 199 163 133 41 30 127 228 251 190 116 107 154 181 179 169 148 130 208 192 161 133 90 -1 315 310 343 90 90 -1 -1 -1 -1 -1 -1 -1 -1 -1 -1 -1 -1 -1 -1 -1 -1 -1 -1 -1 -1 -1 -1 -1 -1 -1 315 323 346 343 330 296 319 32
156 36 343 34 62 66 48 199 233 248 241 247 281 42 68 8 313 75 75 31 348 11 54 142 183 165 247 329 66 92 237 230 191 135 117 120 258 313 28 52 67 37 36 191 164 135 -1 270 225 155 154 135 -1 -1 -1 315 345 23 45 -1 -1 -1 -1 -1 -1 -1 -1 -1 -1 -1 -1 -1 -1 -1 -1 -1 -1 284 315 320 310 344 320 271 6
191 219 267 45 65 63 35 15 313 268 240 233 230 168 125 171 184 161 143 157 173 174 143 129 153 248 273 198 119 104 235 216 188 160 142 154 216 249 57 55 351 6 27 29 45 -1 -1 225 180 135 -1 -1 -1 -1 -1 270 270 90 90 -1 -1 -1 -1 -1 -1 -1 -1 -1 -1 -1 -1 -1 -1 -1 -1 -1 -1 247 283 324 248 223 285 273 272
199 217 217 200 66 50 22 15 355 303 250 235 223 217 96 116 175 153 151 137 135 133 133 134 73 276 226 152 137 109 98 196 183 160 126 343 304 242 203 323 331 12 46 54 70 -1 -1 -1 -1 -1 -1 -1 -1 -1 -1 225 194 156 135 -1 -1 -1 -1 -1 -1 -1 -1 -1 -1 -1 -1 -1 -1 -1 -1 -1 -1 225 251 255 148 206 227 264 279
193 214 202 221 239 52 24 32 55 164 226 224 253 280 79 86 82 75 25 37 8 9 31 8 5 353 145 121 134 343 29 12 357 18 352 337 0 66 264 281 277 55 78 82 89 315 0 45 -1 -1 -1 -1 -1 -1 -1 -1 -1 -1 -1 -1 -1 -1 315 334 12 45 -1 -1 -1 -1 -1 -1 -1 -1 -1 -1 -1 -1 231 228 129 163 248 256 255
