test_domain_2/input/morph/dem.asc
ncols	240
nrows	240
xllcorner	4597369
yllcorner	2495847
cellsize	500
NODATA_value	-9999
[rows 111 to 147 of 240, columns 83 to 165 of 240]
791 719 750 775 862 829 784 611 527 533 493 595 664 696 756 896 743 737 788 785 705 693 651 646 675 560 508 494 559 718 609 442 397 477 483 489 397 397 397 434 527 426 394 414 397 394 394 394 394 394 394 394 394 394 394 394 394 394 409 404 394 394 394 394 394 394 394 394 394 394 394 394 394 394 394 394 394 394 394 394 413 418 439
657 634 730 693 826 856 846 672 637 599 612 633 623 731 755 750 786 649 649 613 613 565 565 517 503 494 494 494 622 563 465 405 397 397 397 397 397 397 397 397 447 431 478 517 449 421 394 394 394 394 394 394 394 394 394 394 394 394 394 394 394 394 394 394 394 394 394 394 394 394 394 394 394 394 394 394 394 394 394 394 394 477 394
676 683 600 669 700 712 858 801 729 707 625 612 630 632 654 772 815 665 684 659 619 668 580 682 539 521 529 513 533 460 405 473 417 397 397 408 397 412 410 435 397 468 551 603 472 424 394 394 394 394 394 394 394 394 394 394 394 394 394 394 394 394 394 394 394 394 394 394 394 394 394 394 394 394 394 394 394 394 394 394 394 394 477
582 580 598 637 615 663 823 821 769 801 640 612 612 628 698 824 773 684 621 645 619 626 611 611 684 607 634 577 523 479 405 488 516 441 491 432 426 441 486 394 394 517 437 567 485 422 394 394 412 394 394 394 394 394 394 394 394 394 394 394 394 394 394 394 394 398 401 394 394 394 394 394 394 394 394 394 394 394 394 394 394 403 395
528 528 555 604 638 709 774 775 864 862 728 731 641 651 663 781 797 665 619 619 637 643 615 644 682 623 634 466 527 472 405 468 554 507 450 459 512 497 519 416 394 503 454 397 394 394 394 396 446 394 394 394 394 394 394 394 394 394 394 394 394 394 394 394 394 394 402 394 394 394 394 394 394 394 394 394 394 394 394 394 394 394 487
528 528 528 532 600 633 713 785 807 892 869 840 725 737 707 655 747 693 710 732 709 726 756 729 684 548 547 458 407 405 494 524 488 448 454 450 474 525 488 400 394 469 394 394 394 394 423 488 419 394 394 394 394 394 394 394 394 394 394 394 394 394 394 394 394 394 394 394 408 394 394 394 394 394 394 394 394 394 394 394 394 406 394
528 528 528 594 563 653 662 691 801 870 937 949 808 768 740 648 624 725 718 700 681 644 604 562 562 681 550 540 542 550 536 582 482 440 504 509 541 528 451 445 406 394 394 452 406 493 437 394 440 417 394 394 394 394 394 394 394 394 394 394 394 394 394 394 394 394 394 394 394 433 394 394 400 394 394 394 394 394 394 394 415 394 414
528 600 546 528 580 702 718 677 788 803 845 916 897 833 704 649 628 600 600 685 662 708 562 719 699 678 683 592 696 714 700 701 510 440 532 560 478 429 416 394 394 479 457 532 530 507 486 394 394 394 394 394 394 394 394 394 394 394 394 394 394 394 394 394 394 394 394 394 394 415 420 394 394 394 394 394 394 396 394 394 394 394 425
528 598 662 626 528 644 604 701 690 752 865 850 791 799 753 680 654 633 600 619 576 592 644 727 727 757 702 683 656 528 579 581 512 433 484 524 413 394 394 394 451 397 453 471 460 394 394 394 394 394 394 394 394 394 394 394 394 394 394 394 394 394 394 394 394 394 394 394 394 394 400 394 394 394 394 394 394 394 394 394 394 394 394
545 627 670 690 684 604 604 635 627 767 754 735 723 790 676 654 646 600 624 635 550 509 522 614 677 638 646 603 510 394 394 424 420 395 394 394 394 394 403 452 394 394 429 394 399 394 394 394 394 394 394 394 394 394 394 394 394 394 394 394 394 394 394 394 394 394 394 394 394 394 394 394 438 394 394 394 408 397 394 394 394 394 417
556 545 545 726 756 718 679 604 604 614 617 698 832 848 682 635 673 659 600 550 454 458 454 454 525 448 414 443 408 394 394 394 394 394 394 394 394 394 394 394 394 394 394 394 394 394 394 394 394 394 394 394 394 394 394 394 394 394 394 394 394 394 394 394 394 394 394 394 394 394 394 394 420 421 394 394 425 483 394 394 394 394 514
672 625 545 670 687 719 745 678 627 638 700 661 766 866 710 623 544 555 569 529 536 454 531 474 394 394 394 394 394 394 394 394 394 394 394 394 411 429 394 394 404 432 394 394 394 394 394 394 394 394 394 394 394 394 394 394 394 394 394 394 394 394 394 394 394 394 394 394 394 394 394 394 394 394 394 415 531 530 519 394 394 432 520
604 545 545 545 743 744 717 730 752 725 751 674 748 793 684 530 533 495 566 526 454 462 518 516 482 462 394 394 394 394 394 394 394 394 394 450 470 394 394 394 394 394 394 394 394 394 394 394 394 394 394 394 394 394 394 394 394 394 394 394 394 394 394 394 394 394 394 394 394 394 394 394 394 394 394 438 408 489 402 467 421 394 428
617 545 647 545 651 709 700 723 722 744 749 783 694 760 673 494 494 394 537 495 485 506 511 484 467 399 441 394 394 394 394 394 395 394 394 394 394 394 394 394 394 394 394 394 394 394 394 394 394 394 394 394 394 394 394 394 394 394 394 394 394 394 394 394 394 394 394 394 394 394 394 394 394 394 394 423 394 431 394 420 487 410 403
618 664 621 609 633 648 666 681 649 799 873 756 697 737 697 665 625 402 394 433 534 543 480 448 469 493 451 413 443 394 394 394 394 394 394 394 394 394 394 394 394 394 394 394 394 394 394 394 394 394 394 394 394 394 394 394 394 394 394 394 394 394 394 394 394 394 394 394 394 394 394 394 394 394 409 394 394 394 443 394 416 465 432
685 708 629 609 609 609 621 644 742 753 761 662 678 727 722 640 534 497 430 394 394 403 448 499 469 436 467 490 463 394 396 394 394 394 394 394 394 394 394 394 394 394 394 394 394 394 394 394 394 394 394 394 394 394 394 394 394 394 394 394 394 394 394 394 394 394 394 394 394 394 394 394 394 394 394 394 394 394 428 394 412 432 483
746 783 609 658 632 631 609 623 660 666 652 652 704 691 708 660 623 519 517 446 394 394 394 394 394 394 434 433 394 394 394 394 394 394 394 394 394 394 394 394 394 394 394 394 394 394 394 394 394 394 394 394 394 394 394 394 394 394 394 394 394 394 394 394 394 394 394 394 394 394 394 394 394 394 394 394 394 394 394 394 394 419 475
753 696 676 704 674 662 649 609 609 609 667 652 652 652 652 701 674 598 561 481 394 394 394 394 394 394 394 394 394 394 394 394 394 394 394 394 394 394 394 394 394 394 394 394 394 394 394 394 394 394 394 394 394 394 394 394 394 394 394 394 394 394 394 394 394 394 394 394 394 394 394 394 394 394 394 394 394 394 394 394 394 394 415
765 676 676 705 711 698 639 609 725 696 653 652 652 652 671 681 739 587 593 570 472 446 451 394 394 394 394 394 394 394 394 394 394 394 394 394 394 394 394 394 394 394 394 394 394 394 394 394 394 394 394 394 394 394 394 394 394 394 394 394 394 394 394 394 394 394 394 394 394 394 394 394 394 394 394 394 394 394 394 396 394 394 394
824 756 676 694 715 715 737 679 664 664 667 703 689 702 713 744 760 640 580 623 622 544 412 394 435 394 425 394 394 394 394 394 394 394 394 394 394 394 394 394 394 394 394 394 394 394 394 394 394 394 394 394 394 394 394 394 394 394 394 394 394 394 394 394 394 394 394 394 394 394 394 394 394 394 394 394 394 394 394 394 394 394 394
-9999 820 688 808 782 752 698 681 664 664 683 679 676 703 674 726 668 659 628 630 637 635 610 653 638 515 471 394 394 394 394 394 394 394 394 394 394 394 394 394 394 394 394 394 394 394 394 394 394 394 394 394 394 394 394 433 419 394 394 394 394 394 394 394 394 394 394 394 394 394 394 394 394 394 394 394 394 394 394 394 394 394 394
-9999 858 839 796 753 738 717 674 696 684 694 694 676 681 651 660 660 595 613 595 674 728 719 654 530 451 400 394 394 394 394 394 394 394 394 394 394 394 394 394 394 394 394 394 394 394 394 394 394 394 463 394 394 394 397 426 472 409 394 394 394 394 394 394 394 394 394 394 394 394 394 394 394 394 394 394 394 394 394 394 394 394 394
-9999 -9999 -9999 763 720 780 725 749 703 654 626 635 636 651 661 666 628 590 595 634 624 642 641 669 594 413 394 394 394 394 394 394 394 394 394 394 394 394 394 394 394 394 394 394 394 394 394 394 394 394 454 394 394 452 483 516 511 586 436 394 394 394 394 394 394 394 394 394 394 394 394 394 394 394 394 394 394 394 394 394 394 394 394
-9999 -9999 -9999 692 692 802 756 684 709 700 655 601 600 628 652 652 590 592 652 575 640 659 562 524 478 423 394 394 394 394 394 394 394 394 394 394 394 394 394 394 394 394 394 394 394 394 394 394 394 394 434 480 438 529 548 552 636 569 614 413 394 394 394 394 394 394 394 394 394 394 394 394 394 394 394 394 394 394 399 394 394 394 394
-9999 -9999 -9999 733 692 692 741 649 604 628 666 706 693 600 596 584 560 567 648 648 575 501 488 412 458 426 394 394 394 394 394 394 394 394 394 394 394 394 394 394 394 394 394 394 394 394 394 394 394 394 394 481 535 660 608 572 626 634 618 474 394 394 394 394 394 394 394 394 394 394 394 394 394 413 415 394 394 394 415 394 394 394 394
-9999 -9999 -9999 739 709 707 661 608 586 607 621 666 696 599 575 572 537 582 640 599 501 453 442 408 408 408 394 394 394 394 394 394 394 486 457 394 394 394 394 394 394 394 394 394 394 435 420 394 411 394 394 394 510 573 587 647 667 681 646 513 394 394 394 394 394 397 400 394 394 394 394 402 394 394 440 406 415 394 430 418 394 394 394
-9999 -9999 724 713 697 678 653 614 585 650 651 606 592 628 599 551 552 537 578 544 552 531 467 455 442 412 455 447 395 394 394 394 420 551 578 443 394 394 394 394 394 394 394 394 416 465 485 582 518 468 529 462 402 514 514 638 741 810 648 498 394 394 394 394 394 465 443 454 398 398 394 394 394 394 484 468 459 407 394 440 394 394 394
-9999 665 705 699 647 644 627 585 654 674 680 609 592 597 603 527 540 558 530 513 552 613 506 473 521 538 479 420 394 426 415 413 482 514 526 498 394 394 394 394 394 394 394 439 466 490 533 583 565 555 598 597 472 530 544 635 827 846 758 490 394 394 420 468 422 394 480 497 423 429 394 418 394 394 481 466 447 409 394 400 394 394 394
-9999 596 654 679 638 609 585 585 626 669 680 669 601 580 528 589 518 510 521 504 513 550 559 495 573 576 523 445 401 489 525 491 520 593 571 513 435 394 394 394 394 394 394 470 547 628 591 589 555 555 555 575 495 476 618 739 875 932 939 613 521 529 564 524 521 394 507 539 511 427 409 450 394 394 457 480 494 407 394 394 401 394 403
595 602 572 605 646 617 595 585 648 607 704 668 655 640 533 576 567 495 495 495 498 495 495 511 592 573 537 486 456 567 612 598 580 595 573 564 518 394 394 394 394 394 394 474 563 684 764 633 646 563 614 609 576 536 765 799 858 958 1039 883 638 669 646 519 394 406 509 565 561 406 394 394 394 394 394 487 488 417 394 394 394 394 394
625 590 582 566 600 614 576 589 697 606 628 632 672 636 545 533 557 517 544 495 495 495 495 495 551 587 505 488 559 598 792 784 645 654 597 600 583 531 394 394 394 394 394 538 564 644 670 713 631 609 741 706 613 589 706 805 978 965 1066 880 644 638 657 394 394 549 576 590 559 506 416 461 472 394 394 421 480 434 394 394 394 394 394
628 578 597 564 554 547 573 600 619 606 623 594 670 634 589 545 553 522 530 495 495 495 495 495 525 524 495 528 563 629 699 723 654 613 618 670 682 602 408 394 394 394 394 650 651 600 620 628 577 636 694 762 635 633 713 825 918 922 951 845 741 679 638 454 452 574 587 580 558 534 450 514 492 416 394 394 517 534 394 438 394 394 394
577 566 564 568 565 544 544 559 635 606 639 594 638 643 560 536 536 526 546 495 495 495 495 498 549 502 495 588 623 629 631 670 684 613 628 660 700 649 586 448 394 394 394 582 695 596 550 559 569 675 762 757 736 702 794 912 987 986 897 810 773 743 495 452 608 737 583 558 590 610 570 572 475 484 394 394 477 547 427 471 458 395 406
627 564 564 579 584 546 543 558 599 644 593 598 584 629 627 552 531 515 521 554 495 495 495 558 536 513 499 612 684 649 632 657 662 619 636 669 733 707 647 633 458 395 394 394 526 568 453 595 640 728 783 829 756 803 782 902 949 917 805 756 743 596 452 452 677 710 638 558 598 663 666 577 506 469 394 394 394 544 521 534 464 461 489
668 572 564 593 567 542 542 542 555 615 638 579 535 535 630 545 516 540 498 495 495 495 495 537 529 512 514 593 631 734 765 664 658 639 619 664 760 762 757 707 500 460 394 394 404 488 394 520 665 835 839 872 771 824 808 853 930 957 842 785 689 528 469 633 639 657 715 628 621 664 674 588 536 557 520 456 394 530 521 533 547 501 502
672 630 564 597 617 573 544 543 542 561 576 634 651 558 535 496 561 495 495 495 495 495 495 536 539 524 551 597 657 737 763 702 699 626 624 663 714 763 746 785 623 522 394 394 394 394 394 394 551 837 927 874 784 942 898 882 915 1014 941 790 768 490 646 781 720 704 782 889 693 638 657 666 608 605 586 501 394 505 543 621 562 591 615
733 614 564 599 678 538 540 538 539 528 539 648 651 600 556 495 495 495 531 498 495 495 495 495 555 525 562 577 630 771 785 744 719 718 699 779 749 746 727 764 705 603 463 394 394 394 394 451 707 756 868 786 784 888 967 925 915 952 960 812 814 638 490 838 831 791 929 1043 803 682 651 696 659 654 599 484 479 431 544 720 629 586 609
