test_domain_2/input/morph/dem.asc
ncols	240
nrows	240
xllcorner	4597369
yllcorner	2495847
cellsize	500
NODATA_value	-9999
[rows 37 to 73 of 240, columns 0 to 82 of 240]
-9999 -9999 -9999 -9999 -9999 -9999 -9999 -9999 -9999 -9999 -9999 -9999 -9999 -9999 2053 2164 1949 -9999 -9999 -9999 -9999 -9999 -9999 -9999 -9999 -9999 -9999 -9999 -9999 1987 1965 1663 2282 2232 2037 1963 1431 1327 1203 1098 982 952 1053 1241 1419 1181 1011 1024 1126 1313 992 859 971 1142 1454 1322 1097 1016 1041 942 946 729 805 978 967 981 988 1001 1079 1078 1075 1052 966 1006 688 712 734 576 576 562 546 523 523
-9999 -9999 -9999 -9999 -9999 -9999 -9999 -9999 -9999 -9999 -9999 -9999 -9999 2352 2117 -9999 -9999 -9999 -9999 -9999 -9999 -9999 -9999 -9999 -9999 -9999 -9999 -9999 -9999 -9999 2300 2057 1847 2245 1943 1751 1378 1205 1046 1012 1016 1078 1234 1554 1559 1047 1011 1194 1308 1347 1136 859 1098 1347 1388 1258 1268 1284 1226 1199 1089 729 729 757 949 1003 958 940 975 956 943 890 816 921 688 721 801 583 546 546 551 523 543
-9999 -9999 -9999 -9999 -9999 -9999 -9999 -9999 -9999 -9999 -9999 -9999 -9999 -9999 -9999 -9999 -9999 -9999 -9999 -9999 -9999 -9999 -9999 -9999 -9999 -9999 -9999 -9999 -9999 -9999 -9999 2250 2186 2267 2097 1942 1422 1187 1012 1012 1239 1320 1229 1499 1522 1011 1073 1442 1642 1333 1146 859 949 1418 1423 1329 1423 1544 1424 1231 1354 891 729 824 995 1017 989 940 954 869 799 745 794 785 688 846 791 637 588 637 640 523 541
-9999 -9999 -9999 -9999 -9999 -9999 -9999 -9999 -9999 -9999 -9999 -9999 -9999 -9999 -9999 -9999 -9999 -9999 -9999 -9999 -9999 -9999 -9999 -9999 -9999 -9999 -9999 -9999 -9999 -9999 -9999 -9999 -9999 2208 2318 2125 1356 1134 1028 1159 1494 2140 1756 1734 1335 1364 1520 1775 1774 1230 988 905 1066 1503 1562 1529 1643 1589 1359 1480 1243 1001 729 900 912 933 889 866 867 882 863 769 692 688 802 838 769 837 693 645 540 523 535
-9999 -9999 -9999 -9999 -9999 -9999 -9999 -9999 -9999 -9999 -9999 -9999 -9999 -9999 -9999 -9999 -9999 -9999 -9999 -9999 -9999 -9999 -9999 -9999 -9999 -9999 -9999 -9999 -9999 -9999 -9999 -9999 -9999 -9999 2113 2158 1935 1096 1135 1341 2246 2220 2031 1879 1542 1603 1918 1741 1414 1042 905 1052 1189 1775 1749 1656 1577 1599 1543 1525 1425 1205 759 729 729 729 820 834 847 835 829 779 781 643 634 602 584 599 621 562 485 472 531
-9999 -9999 -9999 -9999 -9999 -9999 -9999 -9999 -9999 -9999 -9999 -9999 -9999 -9999 -9999 -9999 -9999 -9999 -9999 -9999 -9999 -9999 -9999 -9999 -9999 -9999 -9999 -9999 -9999 -9999 -9999 -9999 -9999 -9999 2151 1765 1721 1105 1176 1905 2174 2114 2072 1981 2147 2192 2009 1732 1226 925 918 1364 1380 1873 1775 1614 1585 1570 1552 1489 1405 1360 1000 914 864 747 668 829 814 836 843 735 719 669 599 579 553 539 530 527 487 472 494
-9999 -9999 -9999 -9999 -9999 -9999 -9999 -9999 -9999 -9999 -9999 -9999 -9999 -9999 -9999 -9999 -9999 -9999 -9999 -9999 -9999 -9999 -9999 -9999 -9999 -9999 -9999 -9999 -9999 -9999 -9999 -9999 -9999 -9999 2094 1472 1381 1229 1463 1993 2334 2332 2160 2394 2339 2198 1583 1368 1000 930 1033 1496 1879 1730 1667 1516 1498 1506 1462 1342 1301 1301 1210 1166 1030 1013 764 668 643 753 862 784 611 613 604 557 539 522 517 519 515 514 458
-9999 -9999 -9999 -9999 -9999 -9999 -9999 -9999 -9999 -9999 -9999 -9999 -9999 -9999 -9999 -9999 -9999 -9999 -9999 -9999 -9999 -9999 -9999 -9999 -9999 -9999 -9999 -9999 -9999 -9999 -9999 -9999 -9999 -9999 1892 1452 1615 1711 1932 2272 2219 2343 2223 2229 2040 1888 1472 1205 950 978 1512 1890 1935 1503 1495 1439 1436 1464 1468 1365 1268 1276 1188 1130 1015 1006 950 911 717 641 641 620 639 596 589 530 524 510 509 506 514 511 495
-9999 -9999 -9999 -9999 -9999 -9999 -9999 -9999 -9999 -9999 -9999 -9999 -9999 -9999 -9999 -9999 -9999 -9999 -9999 -9999 -9999 -9999 -9999 -9999 -9999 -9999 -9999 -9999 -9999 -9999 -9999 -9999 -9999 -9999 1950 2349 2361 2488 2428 2422 2413 2375 2266 2073 1998 2016 1293 1072 1051 1308 1757 1893 1721 1496 1508 1386 1409 1375 1349 1287 1266 1218 1152 1158 1023 1005 945 877 727 976 699 679 696 637 677 538 523 510 513 508 501 508 497
-9999 -9999 -9999 -9999 -9999 -9999 -9999 -9999 -9999 -9999 -9999 -9999 -9999 -9999 -9999 -9999 -9999 -9999 -9999 -9999 -9999 -9999 -9999 -9999 -9999 -9999 -9999 -9999 -9999 -9999 -9999 -9999 -9999 -9999 -9999 -9999 -9999 2735 2666 2385 2348 2141 2081 1928 2008 1821 1105 1051 1384 1646 1946 1758 1552 1463 1433 1386 1386 1356 1285 1268 1289 1205 1168 1147 1075 995 918 899 906 982 812 725 773 720 700 556 479 537 539 481 503 502 495
-9999 -9999 -9999 -9999 -9999 -9999 -9999 -9999 -9999 -9999 -9999 -9999 -9999 -9999 -9999 -9999 -9999 -9999 -9999 -9999 -9999 -9999 -9999 -9999 -9999 -9999 -9999 -9999 -9999 -9999 -9999 -9999 -9999 -9999 -9999 -9999 -9999 2466 2431 2420 2271 2011 1927 1865 1894 1523 1088 1132 1786 1766 1725 1681 1456 1407 1397 1399 1412 1318 1294 1272 1263 1222 1211 1155 1099 1047 1055 1029 964 1087 873 872 826 717 710 581 476 476 476 484 507 504 493
-9999 -9999 -9999 -9999 -9999 -9999 -9999 -9999 -9999 -9999 -9999 -9999 -9999 -9999 -9999 -9999 -9999 -9999 -9999 -9999 -9999 -9999 -9999 -9999 -9999 -9999 -9999 -9999 -9999 -9999 -9999 -9999 -9999 -9999 -9999 -9999 -9999 2238 2322 2290 2172 1954 1791 1715 1628 1302 1272 1567 1766 1628 1552 1542 1389 1365 1357 1328 1342 1291 1291 1294 1291 1229 1209 1178 1129 1125 1062 1096 1008 1037 995 852 728 677 515 511 476 476 476 592 518 489 493
-9999 -9999 -9999 -9999 -9999 -9999 -9999 -9999 -9999 -9999 -9999 -9999 -9999 -9999 -9999 -9999 -9999 -9999 -9999 -9999 -9999 -9999 -9999 -9999 -9999 -9999 -9999 -9999 -9999 -9999 -9999 -9999 -9999 -9999 -9999 -9999 2205 2162 2016 2038 1978 2020 1808 1544 1475 1510 1830 1882 1850 1665 1481 1431 1394 1348 1324 1324 1347 1355 1294 1265 1261 1209 1197 1129 1219 1215 1190 1185 950 900 865 833 750 691 717 703 548 474 479 543 532 476 476
-9999 -9999 -9999 -9999 -9999 -9999 -9999 -9999 -9999 -9999 -9999 -9999 -9999 -9999 -9999 -9999 -9999 -9999 -9999 -9999 -9999 -9999 -9999 -9999 -9999 -9999 -9999 -9999 -9999 -9999 -9999 -9999 -9999 -9999 -9999 2227 2048 1931 1838 1767 1740 2077 1869 1967 2128 1760 1701 1849 1827 1689 1456 1416 1398 1360 1362 1324 1341 1332 1289 1269 1259 1227 1223 1255 1282 1330 1254 1188 1013 954 775 690 568 521 522 469 458 474 458 458 458 497 466
-9999 -9999 -9999 -9999 -9999 -9999 -9999 -9999 -9999 -9999 -9999 -9999 -9999 -9999 -9999 -9999 -9999 -9999 -9999 -9999 -9999 -9999 -9999 -9999 -9999 -9999 -9999 -9999 -9999 -9999 -9999 -9999 -9999 -9999 2352 2226 2115 2181 2148 1984 1708 1708 2041 1971 1797 1843 1585 1607 1680 1574 1429 1411 1349 1344 1324 1311 1354 1345 1262 1249 1246 1230 1253 1309 1305 1389 1294 1270 1199 983 787 702 541 480 469 518 458 458 458 458 458 458 458
-9999 -9999 -9999 -9999 -9999 -9999 -9999 -9999 -9999 -9999 -9999 -9999 -9999 -9999 -9999 -9999 -9999 -9999 -9999 -9999 -9999 -9999 -9999 -9999 -9999 -9999 -9999 -9999 -9999 -9999 -9999 -9999 -9999 -9999 2347 2205 2069 2030 1903 1865 1708 1729 2004 1917 1597 1742 1695 1441 1553 1493 1386 1360 1384 1331 1315 1291 1287 1301 1244 1238 1223 1212 1233 1283 1313 1341 1361 1305 1279 997 916 609 490 469 603 645 535 602 506 498 497 461 485
-9999 -9999 -9999 -9999 -9999 -9999 -9999 -9999 -9999 -9999 -9999 -9999 -9999 -9999 -9999 -9999 -9999 -9999 -9999 -9999 -9999 -9999 -9999 -9999 -9999 -9999 -9999 -9999 -9999 -9999 1982 2011 2143 -9999 2330 2320 2151 2083 1780 1711 1720 1708 1596 1672 1417 1605 1715 1496 1398 1476 1480 1360 1442 1450 1454 1361 1276 1276 1262 1248 1232 1212 1223 1238 1283 1312 1274 1298 1258 1060 907 611 488 469 556 809 758 750 741 721 722 736 632
-9999 -9999 -9999 -9999 -9999 -9999 -9999 -9999 -9999 -9999 -9999 -9999 -9999 -9999 -9999 -9999 -9999 -9999 -9999 -9999 -9999 -9999 -9999 -9999 -9999 -9999 -9999 -9999 2142 1919 1919 2180 2196 2276 2306 2149 2149 1914 1934 1907 1603 1500 1281 1269 1184 1362 1699 1485 1383 1440 1441 1396 1464 1480 1487 1445 1307 1311 1263 1271 1232 1212 1212 1212 1244 1304 1274 1301 1318 952 850 685 560 510 834 927 1027 996 863 810 782 773 721
-9999 -9999 -9999 -9999 -9999 -9999 -9999 -9999 -9999 -9999 -9999 -9999 -9999 -9999 -9999 -9999 -9999 -9999 -9999 -9999 -9999 -9999 -9999 -9999 -9999 -9999 2105 2150 1999 1919 1956 2143 2300 2156 2164 2311 2155 1796 1839 1786 1663 1623 1303 1219 1174 1335 1491 1491 1286 1386 1388 1352 1449 1473 1481 1482 1381 1343 1268 1267 1219 1212 1232 1245 1300 1256 1229 1260 1292 1072 826 665 595 592 746 1107 1103 1044 1027 967 793 816 793
-9999 -9999 -9999 -9999 -9999 -9999 -9999 -9999 -9999 -9999 -9999 -9999 -9999 -9999 -9999 -9999 -9999 -9999 -9999 -9999 -9999 -9999 -9999 -9999 -9999 2120 2014 2044 1826 1861 2022 2157 2199 2087 2023 1959 1630 1845 1858 1591 1798 1495 1213 1066 834 960 1274 1328 1286 1283 1312 1364 1415 1397 1374 1380 1374 1359 1358 1257 1245 1212 1358 1271 1229 1191 1234 1164 1183 1137 847 682 592 619 709 1077 1071 1057 1046 1028 984 950 825
-9999 -9999 -9999 -9999 -9999 -9999 -9999 -9999 -9999 -9999 -9999 -9999 -9999 -9999 -9999 -9999 -9999 -9999 -9999 -9999 -9999 -9999 -9999 -9999 2015 2026 2012 1942 1820 1780 1962 2089 2136 1942 1794 1543 1542 1632 1851 1587 1689 1502 1231 1105 725 740 921 1147 1228 1252 1231 1313 1355 1375 1374 1451 1460 1303 1288 1286 1196 1135 1242 1178 1088 1096 1137 1099 1072 1011 1003 749 592 592 715 1153 1109 1083 1032 1055 993 992 996
-9999 -9999 -9999 -9999 -9999 -9999 -9999 -9999 -9999 -9999 -9999 -9999 -9999 -9999 -9999 -9999 -9999 -9999 -9999 -9999 -9999 -9999 -9999 -9999 1999 1904 1938 1836 1779 1764 2034 1970 2017 2010 1926 1695 1541 1563 1627 1540 1556 1596 1534 1296 1027 725 761 1037 1152 1169 1188 1129 1269 1399 1402 1324 1344 1290 1189 1218 1155 1063 1131 1117 1017 997 1036 1040 1132 1080 1040 716 592 592 727 1115 1133 1125 1123 1107 992 992 1021
-9999 -9999 -9999 -9999 -9999 -9999 -9999 -9999 -9999 -9999 -9999 -9999 -9999 -9999 -9999 -9999 -9999 -9999 -9999 -9999 -9999 -9999 -9999 -9999 2017 1800 1758 1702 1724 1760 1959 1870 1808 1786 1671 1702 1541 1600 1565 1428 1326 1516 1466 1368 1190 713 771 1038 1119 1141 1016 1083 1253 1332 1396 1308 1263 1055 992 1057 1073 1057 1182 1047 1000 980 1003 941 1070 1093 1007 968 858 592 730 1134 1154 1168 1152 1101 1077 1039 1084
-9999 -9999 -9999 -9999 -9999 -9999 -9999 -9999 -9999 -9999 -9999 -9999 -9999 -9999 -9999 -9999 -9999 -9999 -9999 -9999 -9999 -9999 -9999 -9999 1897 1856 1763 1585 1688 1711 2000 1801 1767 1766 1596 1586 1587 1541 1557 1261 1179 1338 1338 1222 1115 698 904 1052 1087 1072 935 1084 1183 1219 1323 1349 1007 934 878 1016 1024 1051 1097 1116 1064 972 958 983 924 880 720 656 592 592 870 1228 1218 1192 1217 1133 1162 1081 1102
-9999 -9999 -9999 -9999 -9999 -9999 -9999 -9999 -9999 -9999 -9999 -9999 -9999 -9999 -9999 -9999 -9999 -9999 -9999 -9999 -9999 -9999 -9999 -9999 -9999 1812 1798 1570 1544 1601 1824 1777 1701 1686 1659 1601 1527 1431 1407 1240 1179 1195 1080 826 826 698 746 1025 1048 1007 877 1017 1131 1151 1127 1182 855 777 865 943 1009 1024 1019 1038 1069 955 949 921 814 592 592 592 594 645 1022 1221 1253 1241 1233 1189 1196 1183 1193
-9999 -9999 -9999 -9999 -9999 -9999 -9999 -9999 -9999 -9999 -9999 -9999 -9999 -9999 -9999 -9999 -9999 -9999 -9999 -9999 -9999 -9999 -9999 -9999 -9999 1812 1742 1733 1589 1499 1539 1677 1669 1745 1633 1667 1634 1585 1542 1568 1237 970 904 995 864 718 633 982 1027 986 689 716 825 885 909 946 807 732 797 931 982 1006 982 819 764 832 959 939 808 592 757 867 871 961 1117 1127 1179 1214 1235 1213 1287 1298 1263
-9999 -9999 -9999 -9999 -9999 -9999 -9999 -9999 -9999 -9999 -9999 -9999 -9999 -9999 -9999 -9999 -9999 -9999 -9999 -9999 -9999 -9999 -9999 1825 1809 1818 1659 1646 1605 1467 1436 1504 1738 1737 1514 1623 1686 1643 1516 1564 1476 1298 1179 1104 1056 669 627 834 931 863 733 689 654 657 685 698 691 639 696 782 896 930 742 616 592 686 842 911 883 592 912 1035 1036 1060 1006 1048 1144 1139 1183 1232 1316 1322 1318
-9999 -9999 -9999 -9999 -9999 -9999 -9999 -9999 -9999 -9999 -9999 -9999 -9999 -9999 -9999 -9999 -9999 -9999 -9999 -9999 -9999 -9999 -9999 1773 1636 1625 1649 1596 1641 1625 1529 1436 1333 1464 1563 1659 1711 1565 1462 1467 1345 1261 1212 1045 989 702 627 728 812 798 601 592 592 592 595 596 604 639 639 769 896 592 592 592 592 592 592 749 683 592 714 1081 1127 1125 1107 1105 1053 1108 1098 1118 1272 1337 1307
-9999 -9999 -9999 -9999 -9999 -9999 -9999 -9999 -9999 -9999 -9999 -9999 -9999 -9999 -9999 -9999 -9999 -9999 -9999 -9999 -9999 -9999 1770 1766 1755 1705 1625 1625 1545 1531 1535 1381 1023 986 1111 1440 1370 1397 1392 1311 1205 1143 629 626 617 596 592 592 592 592 592 592 600 611 592 620 787 694 676 686 592 592 592 592 592 592 592 592 592 721 832 1118 1165 1161 1164 1139 1111 1095 1112 1105 1205 1260 1335
-9999 -9999 -9999 -9999 -9999 -9999 -9999 -9999 -9999 -9999 -9999 -9999 -9999 -9999 -9999 -9999 -9999 -9999 -9999 -9999 -9999 -9999 1865 1808 1789 1717 1622 1567 1510 1440 1498 1296 862 667 645 775 927 1045 1029 893 592 592 592 592 592 592 592 592 592 600 670 937 804 682 656 705 839 700 592 592 592 657 791 720 687 687 592 592 592 848 971 1145 1128 1217 1232 1276 1153 1167 1095 1146 1161 1192 1201
-9999 -9999 -9999 -9999 -9999 -9999 -9999 -9999 -9999 -9999 -9999 -9999 -9999 -9999 -9999 -9999 -9999 -9999 -9999 -9999 -9999 -9999 1798 1709 1581 1559 1539 1531 1501 1414 1384 1275 1020 716 615 592 592 592 592 592 592 592 592 592 592 592 592 609 651 652 724 831 787 625 610 691 592 592 607 621 750 797 821 811 687 807 831 783 790 903 980 1146 1203 1247 1258 1259 1194 1247 1133 1187 1130 1064 1073
-9999 -9999 -9999 -9999 -9999 -9999 -9999 -9999 -9999 -9999 -9999 -9999 -9999 -9999 -9999 -9999 -9999 -9999 -9999 -9999 -9999 -9999 -9999 -9999 1806 1650 1582 1607 1492 1486 1378 1337 1124 691 645 592 592 592 592 592 592 604 592 592 592 592 592 592 632 696 785 607 592 592 592 592 592 592 592 627 693 701 687 687 700 874 938 934 945 936 949 1192 1242 1278 1288 1343 1299 1260 1234 1240 1152 1179 1064
-9999 -9999 -9999 -9999 -9999 -9999 -9999 -9999 -9999 -9999 -9999 -9999 -9999 -9999 -9999 -9999 -9999 -9999 -9999 -9999 -9999 -9999 -9999 -9999 -9999 1734 1492 1492 1519 1529 1514 1492 1252 961 843 594 682 671 678 700 739 724 721 657 654 652 592 592 592 635 657 592 592 592 592 592 592 592 592 603 655 709 838 765 848 920 962 1030 1092 1087 1059 1149 1149 1317 1295 1307 1338 1234 1234 1246 1156 1170 1061
-9999 -9999 -9999 -9999 -9999 -9999 -9999 -9999 -9999 -9999 -9999 -9999 -9999 -9999 -9999 -9999 -9999 -9999 -9999 -9999 -9999 -9999 -9999 -9999 -9999 -9999 -9999 1638 1572 1519 1492 1583 1564 1288 978 922 973 1074 1039 1096 1009 1094 974 913 758 725 598 592 592 592 592 592 592 592 592 592 592 592 599 651 626 773 909 924 967 1055 1143 1155 1189 1191 1259 1234 1231 1269 1356 1383 1378 1346 1289 1275 1156 1163 1223
-9999 -9999 -9999 -9999 -9999 -9999 -9999 -9999 -9999 -9999 -9999 -9999 -9999 -9999 -9999 -9999 -9999 -9999 -9999 -9999 -9999 -9999 -9999 -9999 -9999 -9999 -9999 -9999 1755 1665 1581 1623 1552 1281 1098 1192 1068 1397 1423 1394 1360 1353 1232 1074 847 742 659 629 592 592 592 634 656 593 592 592 620 663 700 701 696 864 926 943 1001 1084 1228 1258 1335 1339 1338 1320 1254 1231 1330 1460 1516 1425 1381 1342 1311 1174 1267
-9999 -9999 -9999 -9999 -9999 -9999 -9999 -9999 -9999 -9999 -9999 -9999 -9999 -9999 -9999 -9999 -9999 -9999 -9999 -9999 -9999 -9999 -9999 -9999 -9999 -9999 -9999 -9999 1806 1703 1746 1638 1518 1413 1320 1424 1118 1424 1421 1503 1546 1382 1212 990 894 840 832 770 655 611 825 803 647 614 630 689 722 782 771 793 857 993 993 1030 1082 1125 1312 1367 1405 1412 1362 1381 1370 1360 1368 1476 1569 1487 1444 1421 1382 1257 1242
-9999 -9999 -9999 -9999 -9999 -9999 -9999 -9999 -9999 -9999 -9999 -9999 -9999 -9999 -9999 -9999 -9999 -9999 -9999 -9999 -9999 -9999 -9999 -9999 -9999 -9999 -9999 -9999 -9999 -9999 1769 1691 1812 1757 1566 1387 1266 1395 1454 1574 1536 1241 1136 1068 931 1010 1009 976 1012 1137 958 834 827 829 857 838 939 943 933 1027 1050 1171 1179 1165 1157 1246 1415 1328 1390 1390 1399 1440 1397 1420 1431 1410 1469 1552 1500 1511 1461 1317 1120
