test_domain_2/input/morph/dem.asc
ncols	240
nrows	240
xllcorner	4597369
yllcorner	2495847
cellsize	500
NODATA_value	-9999
[rows 148 to 184 of 240, columns 83 to 165 of 240]
767 780 564 564 622 591 538 538 540 533 522 517 524 632 589 515 504 495 495 559 519 507 514 527 525 514 561 576 617 708 738 700 697 714 716 768 754 765 727 736 752 650 493 453 394 394 394 441 774 910 856 807 785 822 842 932 943 862 894 845 777 556 495 823 843 953 985 1010 862 757 684 715 738 697 612 582 504 431 493 620 530 558 623
921 847 726 696 638 645 571 540 536 530 522 517 517 544 590 578 498 501 518 514 562 538 516 514 514 514 539 577 677 677 667 727 662 676 681 732 735 750 757 727 753 648 545 394 394 394 394 482 669 881 926 828 795 787 801 738 735 792 753 814 763 623 516 874 867 959 981 933 980 871 728 718 796 718 643 611 563 515 431 471 516 584 600
974 952 922 865 803 755 577 540 541 519 517 532 519 517 516 519 516 510 509 570 584 599 585 546 514 514 528 536 598 642 623 581 592 646 684 718 724 739 748 730 713 686 574 394 472 394 394 394 674 870 962 944 802 828 799 805 824 724 737 587 667 528 548 722 813 1006 995 972 954 891 756 721 741 701 560 596 578 536 431 431 520 555 549
948 942 914 903 894 808 612 567 560 542 522 539 516 516 539 516 547 560 548 549 576 623 624 569 557 552 531 533 541 549 550 550 581 596 673 728 714 710 718 736 720 700 641 623 594 425 394 504 630 821 868 942 820 809 833 802 809 788 679 602 548 621 528 606 686 923 1005 900 903 906 820 682 687 674 609 557 572 541 506 436 544 563 534
1040 1001 936 920 876 854 696 630 613 620 613 546 571 531 523 522 516 597 594 558 562 623 615 575 561 561 534 535 533 552 560 554 567 583 648 691 791 697 705 700 725 732 706 712 728 538 402 457 614 807 867 889 826 833 776 774 734 771 768 739 617 695 681 557 673 853 958 927 890 846 804 739 681 672 578 573 445 436 436 436 554 535 525
1127 999 990 937 924 906 773 731 733 735 690 715 683 596 548 516 516 534 582 583 573 600 589 566 562 538 547 571 545 546 553 553 557 571 655 701 761 750 687 648 671 726 714 770 693 646 470 548 785 870 842 861 833 789 820 733 702 702 702 702 720 723 660 610 568 809 885 796 801 837 818 785 720 706 703 524 521 556 519 479 549 527 507
1085 1109 1143 970 983 882 804 789 777 775 737 754 793 767 653 605 521 516 516 570 567 528 523 535 535 541 529 560 569 563 551 553 554 557 578 638 669 730 629 615 684 781 872 941 764 721 621 799 818 874 861 824 901 828 788 750 702 795 737 759 751 733 676 633 644 715 751 715 720 810 765 751 713 604 619 609 591 576 515 495 555 572 507
-9999 -9999 -9999 -9999 1002 871 860 800 793 793 791 771 899 831 732 758 615 569 516 536 581 545 533 523 523 523 523 523 559 566 554 556 553 558 567 597 629 628 601 609 679 714 854 941 773 689 695 776 799 866 871 826 824 829 783 702 841 812 708 693 693 693 665 633 649 787 715 715 740 721 712 670 617 609 522 609 636 568 595 557 537 580 507
-9999 -9999 -9999 -9999 -9999 -9999 849 -9999 -9999 -9999 -9999 842 812 826 812 783 768 726 584 523 523 523 523 523 523 523 523 523 548 585 570 553 557 563 560 565 585 604 598 598 733 795 896 962 872 769 706 750 768 814 845 886 801 795 702 807 815 837 824 812 740 696 633 633 688 821 789 778 764 749 626 613 604 531 516 584 631 684 634 600 583 504 504
-9999 -9999 -9999 -9999 -9999 -9999 -9999 -9999 -9999 -9999 -9999 862 811 811 784 782 766 776 662 620 523 523 523 523 523 523 523 523 523 580 583 582 579 559 563 569 580 597 613 635 686 752 853 864 861 796 721 732 765 794 801 920 883 800 813 828 825 840 821 827 763 687 661 633 661 772 834 862 814 814 707 661 638 512 510 510 562 682 574 504 504 504 505
-9999 -9999 -9999 -9999 -9999 -9999 -9999 -9999 -9999 -9999 -9999 885 848 827 830 803 849 819 761 714 586 628 523 523 523 523 523 523 523 554 573 586 591 571 587 569 576 589 599 620 660 688 766 776 834 834 742 828 794 775 814 822 893 841 867 819 836 823 818 815 830 726 724 689 677 701 829 851 839 851 731 657 548 542 621 510 543 543 504 504 504 514 504
-9999 -9999 -9999 -9999 -9999 -9999 -9999 -9999 -9999 -9999 -9999 -9999 863 880 878 823 887 865 771 776 769 712 637 537 523 523 523 523 523 523 537 593 626 596 605 608 630 607 597 602 614 646 721 783 799 800 907 938 807 788 825 821 739 731 755 761 754 773 760 772 805 810 809 698 677 677 837 891 847 860 761 682 674 624 637 540 504 504 504 526 545 551 561
-9999 -9999 -9999 -9999 -9999 -9999 -9999 -9999 -9999 -9999 -9999 -9999 -9999 874 924 865 928 867 835 820 788 790 780 758 523 523 523 523 523 523 523 580 628 620 632 651 668 620 608 606 602 650 701 739 796 792 845 910 864 801 807 794 762 752 725 681 671 709 778 792 798 798 781 677 700 677 677 864 825 819 739 734 776 699 680 662 594 504 504 557 577 578 595
-9999 -9999 -9999 -9999 -9999 -9999 -9999 -9999 -9999 -9999 -9999 -9999 -9999 -9999 943 917 -9999 900 834 864 895 848 853 845 550 523 523 523 523 523 523 523 590 642 649 671 678 646 646 605 603 616 643 682 783 836 852 866 909 818 793 802 707 732 718 657 707 674 675 753 736 702 723 701 755 728 677 699 777 827 820 792 750 669 669 735 679 598 504 504 552 628 598
-9999 -9999 -9999 -9999 -9999 -9999 -9999 -9999 -9999 -9999 -9999 -9999 -9999 -9999 -9999 -9999 -9999 -9999 -9999 -9999 905 877 853 859 576 523 523 523 523 523 523 523 538 563 637 680 679 652 648 621 606 603 608 652 702 842 888 904 798 738 767 705 698 733 688 706 641 641 653 694 702 747 796 821 792 740 756 677 724 810 801 784 669 715 715 773 709 615 566 507 513 559 624
-9999 -9999 -9999 -9999 -9999 -9999 -9999 -9999 -9999 -9999 -9999 -9999 -9999 -9999 -9999 -9999 -9999 -9999 -9999 -9999 910 811 732 724 550 523 523 523 523 523 554 541 523 523 558 600 706 657 657 634 614 613 605 619 655 761 715 747 689 739 634 647 721 687 667 640 649 641 665 672 672 729 751 814 752 808 817 687 689 768 754 757 722 801 774 771 640 722 652 528 530 564 601
-9999 -9999 -9999 -9999 -9999 -9999 -9999 -9999 -9999 -9999 -9999 -9999 -9999 -9999 -9999 -9999 -9999 -9999 -9999 -9999 800 661 591 647 535 523 523 523 542 567 524 523 523 527 533 571 678 708 651 626 617 614 613 605 609 622 639 679 653 656 654 626 683 632 629 629 659 646 650 658 683 696 703 712 767 817 797 754 718 744 738 774 773 800 736 760 796 796 669 595 528 563 570
-9999 -9999 -9999 -9999 -9999 -9999 -9999 -9999 -9999 -9999 -9999 -9999 -9999 -9999 -9999 -9999 -9999 -9999 -9999 670 662 594 544 529 523 523 523 523 627 609 523 523 535 524 527 549 620 668 650 646 614 626 618 608 606 612 618 629 644 673 614 641 652 629 655 713 683 646 649 664 669 711 707 718 729 791 787 793 747 718 728 728 754 791 792 595 705 736 685 579 528 528 606
-9999 -9999 -9999 -9999 -9999 -9999 -9999 -9999 -9999 -9999 -9999 -9999 -9999 -9999 -9999 -9999 -9999 -9999 -9999 671 625 597 574 523 523 523 523 598 637 566 529 523 523 523 553 590 654 610 652 673 614 635 622 607 608 606 606 613 621 622 606 606 629 629 693 721 742 703 728 736 735 699 699 716 784 817 782 775 778 784 797 728 733 778 730 589 645 629 578 558 528 558 552
-9999 -9999 -9999 -9999 -9999 -9999 -9999 -9999 -9999 -9999 -9999 -9999 -9999 -9999 -9999 -9999 -9999 -9999 -9999 -9999 683 715 629 569 566 619 605 606 635 621 589 540 523 523 537 571 610 658 648 650 642 631 638 640 606 608 615 606 606 606 606 629 661 666 663 671 696 723 756 760 766 750 746 719 745 772 760 772 772 765 782 821 783 735 667 575 575 575 558 558 563 532 580
-9999 -9999 -9999 -9999 -9999 -9999 -9999 -9999 -9999 -9999 -9999 -9999 -9999 -9999 -9999 -9999 -9999 -9999 -9999 -9999 -9999 743 632 651 639 699 693 627 652 595 589 581 542 523 523 553 565 591 646 663 610 634 610 632 606 616 683 634 630 625 633 712 732 661 670 670 774 775 755 741 737 737 737 743 757 745 747 764 748 761 802 784 736 710 583 671 585 669 608 625 646 625 624
-9999 -9999 -9999 -9999 -9999 -9999 -9999 -9999 -9999 -9999 -9999 -9999 -9999 -9999 -9999 -9999 -9999 -9999 -9999 -9999 -9999 -9999 -9999 -9999 -9999 -9999 689 646 613 579 579 586 621 543 527 545 596 579 615 594 579 602 607 610 607 685 690 698 720 679 657 743 829 706 716 876 834 809 762 745 742 740 740 774 746 765 746 746 762 758 759 764 763 758 691 674 674 795 646 730 715 646 623
-9999 -9999 -9999 -9999 -9999 -9999 -9999 -9999 -9999 -9999 -9999 -9999 -9999 -9999 -9999 -9999 -9999 -9999 -9999 -9999 -9999 -9999 -9999 -9999 -9999 650 684 594 588 579 579 579 618 569 559 591 604 579 579 620 579 579 579 579 679 755 800 805 879 902 750 795 976 956 937 871 814 805 763 740 740 740 746 740 740 740 752 750 760 767 754 760 744 745 674 747 859 810 821 781 727 676 -9999
-9999 -9999 -9999 -9999 -9999 -9999 -9999 -9999 -9999 -9999 -9999 -9999 -9999 -9999 -9999 -9999 -9999 -9999 -9999 -9999 -9999 -9999 -9999 -9999 -9999 612 604 645 609 579 579 579 592 606 579 609 586 579 579 579 579 579 579 579 696 751 839 889 948 1004 930 880 928 872 846 841 858 755 745 745 740 740 753 757 745 782 745 745 749 754 755 762 790 744 -9999 -9999 -9999 -9999 -9999 -9999 -9999 -9999 -9999
-9999 -9999 -9999 -9999 -9999 -9999 -9999 -9999 -9999 -9999 -9999 -9999 -9999 -9999 -9999 -9999 -9999 -9999 -9999 -9999 -9999 -9999 -9999 -9999 -9999 696 640 649 670 653 589 579 579 579 579 609 599 579 579 579 579 579 579 579 601 626 711 785 903 1008 1064 952 844 811 726 721 798 777 774 804 740 740 740 786 747 773 752 789 768 754 755 794 812 -9999 -9999 -9999 -9999 -9999 -9999 -9999 -9999 -9999 -9999
-9999 -9999 -9999 -9999 -9999 -9999 -9999 -9999 -9999 -9999 -9999 -9999 -9999 -9999 -9999 -9999 -9999 -9999 -9999 -9999 -9999 -9999 -9999 -9999 -9999 771 724 656 660 662 646 595 579 579 603 671 614 579 579 579 579 579 579 579 579 579 598 644 752 857 764 834 746 714 676 696 784 785 775 850 779 740 740 791 798 740 781 792 791 762 754 785 835 -9999 -9999 -9999 -9999 -9999 -9999 -9999 -9999 -9999 -9999
-9999 -9999 -9999 -9999 -9999 -9999 -9999 -9999 -9999 -9999 -9999 -9999 -9999 -9999 -9999 -9999 -9999 -9999 -9999 -9999 -9999 -9999 -9999 -9999 -9999 -9999 778 722 672 675 651 674 607 579 626 684 668 593 579 579 579 579 579 579 579 579 579 581 579 585 635 658 623 599 737 795 794 742 768 772 837 757 742 740 740 740 740 783 803 823 758 754 765 -9999 -9999 -9999 -9999 -9999 -9999 -9999 -9999 -9999 -9999
-9999 -9999 -9999 -9999 -9999 -9999 -9999 -9999 -9999 -9999 -9999 -9999 -9999 -9999 -9999 -9999 -9999 -9999 -9999 -9999 -9999 -9999 -9999 -9999 -9999 -9999 779 779 773 785 662 796 703 642 666 632 640 579 579 579 579 579 579 579 579 579 579 579 579 579 579 579 585 587 734 779 817 737 742 772 774 774 753 762 784 740 740 740 742 769 749 769 791 -9999 -9999 -9999 -9999 -9999 -9999 -9999 -9999 -9999 -9999
-9999 -9999 -9999 -9999 -9999 -9999 -9999 -9999 -9999 -9999 -9999 -9999 -9999 -9999 -9999 -9999 -9999 -9999 -9999 -9999 -9999 -9999 -9999 -9999 -9999 -9999 891 897 889 843 937 950 847 685 643 642 634 584 579 579 579 579 579 579 579 579 579 579 579 579 579 579 579 579 699 722 727 666 754 764 807 810 819 833 793 740 740 740 740 740 787 762 768 -9999 -9999 -9999 -9999 -9999 -9999 -9999 -9999 -9999 -9999
-9999 -9999 -9999 -9999 -9999 -9999 -9999 -9999 -9999 -9999 -9999 -9999 -9999 -9999 -9999 -9999 -9999 -9999 -9999 -9999 -9999 -9999 -9999 -9999 -9999 -9999 -9999 -9999 959 1023 1096 1084 851 709 622 603 601 639 646 579 579 579 579 579 579 579 579 579 579 579 579 579 579 579 624 708 664 620 715 750 684 697 785 829 742 740 740 747 741 740 748 785 762 796 -9999 -9999 -9999 -9999 -9999 -9999 -9999 -9999 -9999
-9999 -9999 -9999 -9999 -9999 -9999 -9999 -9999 -9999 -9999 -9999 -9999 -9999 -9999 -9999 -9999 -9999 -9999 -9999 -9999 -9999 -9999 -9999 -9999 -9999 -9999 -9999 -9999 -9999 -9999 -9999 1164 911 809 729 731 646 690 780 692 653 609 579 579 579 579 579 579 579 579 579 579 579 579 579 618 600 600 652 654 725 721 730 778 853 742 740 740 740 744 740 800 761 761 -9999 -9999 -9999 -9999 -9999 -9999 -9999 -9999 -9999
-9999 -9999 -9999 -9999 -9999 -9999 -9999 -9999 -9999 -9999 -9999 -9999 -9999 -9999 -9999 -9999 -9999 -9999 -9999 -9999 -9999 -9999 -9999 -9999 -9999 -9999 -9999 -9999 -9999 -9999 -9999 1207 1175 1037 929 906 873 891 973 897 663 681 611 579 579 579 579 579 579 579 579 579 579 579 579 600 660 600 660 678 792 786 831 849 781 788 740 740 740 740 748 773 790 765 -9999 -9999 -9999 -9999 -9999 -9999 -9999 -9999 -9999
-9999 -9999 -9999 -9999 -9999 -9999 -9999 -9999 -9999 -9999 -9999 -9999 -9999 -9999 -9999 -9999 -9999 -9999 -9999 -9999 -9999 -9999 -9999 -9999 -9999 -9999 -9999 -9999 -9999 -9999 -9999 -9999 -9999 1242 1207 1158 1151 1085 1035 1014 769 703 579 579 579 579 579 579 579 579 579 579 579 579 579 612 600 618 652 675 706 820 844 813 798 797 776 740 740 740 884 911 869 875 896 928 894 -9999 -9999 -9999 -9999 -9999 -9999
-9999 -9999 -9999 -9999 -9999 -9999 -9999 -9999 -9999 -9999 -9999 -9999 -9999 -9999 -9999 -9999 -9999 -9999 -9999 -9999 -9999 -9999 -9999 -9999 -9999 -9999 -9999 -9999 -9999 -9999 -9999 -9999 -9999 -9999 -9999 1209 1209 1130 1068 1006 736 753 579 579 579 579 579 579 579 579 579 579 579 595 609 640 615 719 800 681 709 787 833 853 842 805 801 770 740 747 963 1003 879 922 908 919 951 878 912 -9999 -9999 898 977
-9999 -9999 -9999 -9999 -9999 -9999 -9999 -9999 -9999 -9999 -9999 -9999 -9999 -9999 -9999 -9999 -9999 -9999 -9999 -9999 -9999 -9999 -9999 -9999 -9999 -9999 -9999 -9999 -9999 -9999 -9999 -9999 -9999 -9999 -9999 -9999 -9999 -9999 1085 862 819 827 579 579 579 579 579 579 579 579 579 579 579 581 589 749 777 742 778 677 650 748 816 847 878 801 818 856 797 839 991 974 854 854 890 903 931 919 886 925 895 883 930
-9999 -9999 -9999 -9999 -9999 -9999 -9999 -9999 -9999 -9999 -9999 -9999 -9999 -9999 -9999 -9999 -9999 -9999 -9999 -9999 -9999 -9999 -9999 -9999 -9999 -9999 -9999 -9999 -9999 -9999 -9999 -9999 -9999 -9999 -9999 -9999 -9999 -9999 945 939 889 887 634 579 579 579 579 579 579 579 579 579 579 584 603 746 794 709 684 650 721 662 709 760 802 857 828 936 940 872 886 863 854 854 854 854 883 888 854 858 888 883 887
-9999 -9999 -9999 -9999 -9999 -9999 -9999 -9999 -9999 -9999 -9999 -9999 -9999 -9999 -9999 -9999 -9999 -9999 -9999 -9999 -9999 -9999 -9999 -9999 -9999 -9999 -9999 -9999 -9999 -9999 -9999 -9999 -9999 -9999 -9999 -9999 -9999 -9999 -9999 1033 997 927 848 647 579 579 579 579 579 579 579 579 777 760 652 655 729 650 650 650 669 654 673 833 842 908 904 896 955 856 856 858 854 854 854 854 854 854 854 854 938 908 880
