test_domain_2/input/morph/dem.asc
ncols	240
nrows	240
xllcorner	4597369
yllcorner	2495847
cellsize	500
NODATA_value	-9999
[rows 37 to 73 of 240, columns 83 to 165 of 240]
578 636 631 698 823 914 867 865 814 991 1146 1199 1079 867 1034 947 1182 1205 1361 1279 1109 863 693 742 824 831 872 1191 1157 903 934 884 847 847 972 997 1006 1022 1198 1118 1135 1014 1114 1290 1432 1252 1138 1207 1436 1400 1127 1066 912 828 914 897 893 985 1101 1284 1084 1009 1018 1238 1518 -9999 -9999 -9999 -9999 -9999 -9999 -9999 -9999 -9999 -9999 -9999 -9999 -9999 -9999 -9999 -9999 -9999 -9999
555 558 684 797 703 751 770 781 856 1033 1136 1074 931 837 777 958 1004 1115 1257 1050 916 731 741 664 728 921 986 1068 1147 975 802 847 970 991 1061 1183 1131 1107 1136 1288 1282 1113 1112 1438 1488 1165 1058 1020 1253 1290 1108 984 941 828 828 893 893 974 1065 1256 1419 1090 1012 1222 1418 -9999 -9999 -9999 -9999 -9999 -9999 -9999 -9999 -9999 -9999 -9999 -9999 -9999 -9999 -9999 -9999 -9999 -9999
540 549 553 575 674 870 978 917 957 980 964 943 809 732 934 976 1119 1194 1050 955 905 834 990 658 691 929 1013 968 1111 967 802 852 1027 1116 1191 1237 1266 1221 1236 1259 1409 1211 1195 1406 1513 1357 1173 888 1009 1041 986 879 828 828 1086 1110 997 962 1028 1193 1335 1130 1025 1146 1409 1989 -9999 -9999 -9999 -9999 -9999 -9999 -9999 -9999 -9999 -9999 -9999 -9999 -9999 -9999 -9999 -9999 -9999
533 545 542 541 545 576 782 1030 1099 905 854 954 808 694 729 833 1043 1201 1208 1095 1027 1094 803 714 630 783 719 981 975 974 802 933 972 1109 1265 1355 1428 1397 1360 1411 1486 1381 1441 1566 1637 1248 1133 1044 839 828 828 828 902 1075 1227 1243 1127 1239 1064 1083 1407 1226 1085 1163 1359 1988 -9999 -9999 -9999 -9999 -9999 -9999 -9999 -9999 -9999 -9999 -9999 -9999 -9999 -9999 -9999 -9999 -9999
531 537 538 535 536 543 631 692 737 793 684 836 936 694 804 974 1031 1163 1357 1315 1252 1152 879 942 832 630 781 818 762 711 644 979 1060 1141 1247 1319 1508 1590 1643 1581 1507 1574 1605 1570 1483 1217 1167 839 851 919 913 982 828 905 1181 1296 1628 1411 1129 1142 1390 1447 1210 1262 1492 1915 -9999 -9999 -9999 -9999 -9999 -9999 -9999 -9999 -9999 -9999 -9999 -9999 -9999 -9999 -9999 -9999 -9999
526 527 524 533 533 533 555 542 655 750 675 676 688 688 947 1217 1225 1255 1603 1516 1280 1176 1090 1042 769 630 664 912 816 644 750 927 1025 1063 1123 1231 1374 1490 1558 1290 1343 1506 1523 1354 1341 1175 1031 973 1142 1101 976 830 767 1066 1232 1259 1638 1608 1281 1312 1503 1818 1554 1525 1703 1825 1981 -9999 -9999 -9999 -9999 -9999 -9999 -9999 -9999 -9999 -9999 -9999 -9999 -9999 -9999 -9999 -9999
511 523 520 524 527 527 525 527 547 570 576 587 597 734 863 1186 1231 1461 1501 1446 1197 1067 999 1049 881 688 547 651 800 578 672 844 911 988 1035 1093 1092 1164 1138 1188 1319 1465 1384 1224 1166 1124 974 1186 1326 1259 1104 787 767 885 999 1234 1557 1860 1655 1653 1874 1991 1834 1940 2143 2254 2204 2272 -9999 -9999 -9999 -9999 -9999 -9999 -9999 -9999 -9999 -9999 -9999 -9999 -9999 -9999 -9999
458 516 518 518 514 522 531 526 539 549 566 576 681 691 758 898 1049 1240 1321 1397 1331 1088 855 945 982 844 628 530 657 544 648 712 720 808 887 962 962 962 962 1106 1234 1260 1556 1434 1173 1112 1206 1373 1534 1295 1152 790 767 898 1056 1327 1395 1774 2063 2064 2285 2236 2166 2335 2241 2291 2206 1835 1712 1898 2053 1814 1720 2199 -9999 2217 1978 1858 1831 1831 -9999 -9999 -9999
458 505 510 507 508 514 529 533 535 543 552 566 646 648 637 742 822 1018 1046 837 851 936 1013 733 780 814 718 543 530 618 763 701 761 846 817 1012 1037 1061 1059 1038 1078 1357 1679 1422 1201 1112 1219 1298 1234 1432 955 833 763 820 981 1318 1317 1479 1756 2430 2380 2110 2506 2243 2196 2094 1615 1456 1431 1901 2102 1537 1489 2060 2012 2068 1956 1724 1962 -9999 -9999 -9999 -9999
458 481 473 497 505 507 514 518 528 533 539 541 593 618 544 614 677 753 695 718 681 758 768 663 627 612 527 527 667 685 901 900 993 1001 1125 1175 1231 1223 1191 1154 1171 1366 1747 1574 1196 1112 1289 1255 1023 1023 1026 937 788 763 914 1116 1094 1398 1650 2030 2085 1916 2269 2168 2052 1839 1350 1136 1157 1888 1860 1340 1475 1701 1683 1889 1758 1724 -9999 -9999 -9999 -9999 -9999
489 458 458 494 497 503 503 511 523 529 530 531 556 577 541 506 563 553 546 568 567 630 645 647 550 527 638 774 904 970 1192 1177 1297 1532 1526 1383 1349 1267 1208 1347 1432 1658 1797 1724 1318 1360 1458 1313 1023 1184 1382 1217 928 702 724 890 1021 1344 1605 1698 1687 1688 1946 2011 1787 1632 1223 954 967 1281 1536 1182 1220 1381 1537 1605 1478 1900 1929 -9999 -9999 -9999 -9999
488 458 458 458 493 501 500 505 510 523 523 519 555 565 499 519 501 466 485 511 540 601 599 575 586 504 535 783 1146 1212 1330 1456 1236 1274 1360 1495 1627 1324 1429 1582 1698 1811 1969 1816 1566 1522 1604 1483 1403 1319 1189 1291 1223 1032 646 795 925 1284 1330 1356 1315 1252 1340 1734 1979 1786 1275 1034 855 989 1087 984 1225 1532 1581 1280 1208 1736 1483 -9999 -9999 -9999 -9999
497 491 458 458 477 499 497 499 502 512 541 506 523 544 498 510 496 469 461 463 534 572 599 549 517 504 525 705 780 1034 994 1040 1032 1036 1152 1245 1470 1360 1318 1426 1369 1666 1682 1525 1585 1563 1696 1801 1566 1368 1058 987 952 924 731 646 781 959 968 1096 1106 1289 1474 1955 1847 1752 1436 1156 782 821 916 992 1400 1452 1187 955 1231 1351 1590 -9999 -9999 -9999 -9999
458 475 458 458 458 483 494 492 495 503 503 499 518 517 498 510 514 487 466 461 538 582 581 517 504 509 512 644 742 695 883 913 896 917 931 987 1102 1091 1118 1065 1256 1361 1323 1276 1442 1343 1558 1693 1789 1464 1152 1026 812 736 792 791 646 668 835 963 1298 1567 1832 2104 1899 1678 1644 1314 767 714 763 830 1168 1291 951 951 1203 1788 -9999 -9999 -9999 -9999 -9999
458 458 485 458 458 474 492 492 490 497 496 502 508 507 458 455 464 459 446 456 512 547 571 509 493 507 506 589 590 580 672 738 821 840 754 795 838 852 897 957 1007 1073 1030 1270 1191 1149 1312 1464 1507 1387 1314 1200 909 959 967 861 642 732 995 1015 1265 1546 1837 2106 1846 1608 1462 1049 868 699 651 651 915 989 951 1137 1554 1617 1605 -9999 -9999 -9999 -9999
485 489 458 478 488 458 458 474 489 494 492 505 511 506 501 485 434 436 444 470 505 490 532 537 459 496 497 515 549 523 543 578 608 613 623 633 712 700 751 829 850 867 732 972 921 977 1150 1184 1250 1171 1151 1351 1194 1189 1079 888 642 743 764 868 1146 1485 1770 1988 1983 1849 1601 1131 1005 1056 688 651 890 651 905 1047 1401 1348 1326 -9999 -9999 -9999 -9999
690 652 539 587 516 458 458 458 472 454 454 486 498 503 497 490 488 434 463 504 489 486 538 511 451 485 486 547 498 477 470 486 494 512 565 580 632 621 699 703 813 691 692 852 800 949 1067 916 908 900 1035 1321 1348 1171 903 795 648 642 757 881 1134 1246 1660 1944 1837 1887 1767 1453 1346 1397 1241 746 651 651 709 907 1264 1271 1443 -9999 -9999 -9999 -9999
767 668 565 562 559 505 486 458 458 454 454 460 464 467 469 488 487 433 470 463 467 480 526 495 451 479 480 544 488 479 470 474 455 473 508 547 616 558 623 599 582 619 619 664 774 748 843 643 739 957 1135 1175 1145 1084 1232 1082 905 642 757 843 1034 1100 1396 1700 1708 1925 1871 1860 1821 1414 1168 764 674 651 651 695 1083 1253 1521 1521 1516 -9999 -9999
851 718 604 543 539 512 499 512 530 517 454 454 433 458 464 463 469 433 509 463 476 468 515 496 451 472 513 543 532 451 451 470 447 469 476 565 544 522 556 518 563 572 565 576 602 633 626 641 943 1131 1242 1120 942 927 694 912 998 642 750 915 989 1086 1324 1622 1891 1856 1925 1644 1522 1060 923 720 694 651 651 699 1128 1401 1547 1561 1575 -9999 -9999
812 756 750 681 512 617 523 489 489 500 487 540 444 433 433 468 458 433 487 490 466 472 483 488 451 467 530 519 519 512 474 451 447 459 476 495 500 509 497 483 510 545 539 544 539 544 516 598 760 905 1032 1062 1021 757 589 745 691 581 614 883 1249 1380 1682 1785 1799 1666 1813 1652 1134 883 830 658 651 651 651 678 860 1404 1529 1581 1593 1514 -9999
906 841 878 865 937 882 692 660 541 487 497 459 524 448 433 433 433 433 500 453 426 453 476 471 451 460 506 519 521 519 500 460 447 450 471 461 501 512 484 470 470 532 518 527 522 507 513 560 602 633 750 955 608 559 559 561 581 628 668 880 1249 1419 1678 1814 1520 1476 1501 1019 861 786 732 741 729 742 652 651 806 1273 1338 1598 1579 1554 -9999
979 939 914 1023 1058 1023 900 771 666 598 615 593 534 509 501 486 433 433 433 411 419 455 473 468 458 451 512 513 530 516 504 482 431 454 472 487 461 484 474 472 458 511 496 514 488 485 479 479 489 509 559 559 559 579 658 782 702 669 754 1008 1184 1517 1710 1757 1516 1318 1153 1100 974 914 938 914 978 980 807 567 749 914 1080 1407 1491 1531 -9999
1054 1064 1073 1074 1123 1071 1056 946 620 609 577 553 483 483 500 494 434 433 475 411 411 470 473 449 450 448 491 469 522 495 499 501 435 429 431 461 473 463 453 447 489 480 482 495 475 468 462 528 655 684 693 745 761 769 806 908 892 807 942 1162 1332 1485 1551 1512 1504 1556 1191 1122 1147 1135 1119 1083 1056 890 796 567 622 883 872 1051 1089 1459 1492
1149 1127 1096 1122 1143 1137 1099 1086 981 744 685 563 500 497 454 454 433 488 489 411 411 464 467 468 446 436 444 461 503 491 482 500 466 447 417 443 452 444 442 457 455 468 479 479 466 459 453 472 536 525 588 612 673 691 722 748 880 907 911 1079 1131 1285 1416 1508 1460 1307 1077 886 1060 1043 1125 998 794 793 741 567 567 633 682 970 970 1239 1354
1208 1199 1207 1143 1161 1134 1093 1098 1071 925 885 712 497 578 493 503 482 427 464 464 411 421 470 467 436 441 439 436 444 486 465 454 446 443 414 431 454 439 434 445 448 473 469 471 466 448 450 452 492 516 555 612 684 695 696 692 728 666 710 977 1138 1188 1369 1275 1197 1011 961 817 822 850 870 926 844 782 603 567 672 1057 1167 1114 1237 1301 1253
1243 1266 1252 1183 1155 1169 1186 1171 1135 1078 1007 766 592 592 528 507 482 487 427 411 433 411 478 461 436 439 439 436 430 469 436 442 428 425 411 417 449 420 431 439 466 442 470 467 459 444 451 448 458 509 500 502 678 678 676 706 673 621 823 904 957 1122 1210 1063 996 868 795 684 624 715 703 807 862 902 775 524 730 816 918 881 1007 1255 1233
1283 1289 1254 1284 1238 1183 1178 1241 1201 918 867 615 592 653 556 515 496 507 499 493 436 411 452 460 431 431 436 441 433 417 429 458 455 438 411 411 419 415 437 438 449 436 456 455 458 437 442 442 444 480 466 505 491 517 629 673 641 615 699 741 825 973 1013 991 929 974 935 863 726 582 639 655 649 643 489 543 652 657 753 827 917 941 912
1320 1300 1277 1287 1246 1240 1202 1230 1253 989 792 875 896 661 578 541 502 477 480 483 479 444 411 411 411 411 427 418 413 410 411 447 444 435 425 411 412 414 425 432 437 438 435 432 437 441 438 438 437 464 466 521 514 465 506 658 627 534 683 746 726 851 944 950 817 858 823 746 794 616 542 516 514 489 512 547 528 528 538 557 689 702 680
1334 1329 1347 1313 1263 1266 1235 1204 1234 1129 1113 1085 1005 687 754 750 658 498 477 450 437 437 411 411 469 462 459 456 405 408 405 451 446 437 430 411 406 412 411 422 426 422 423 427 432 435 432 437 431 429 429 451 441 419 442 627 591 534 707 724 704 693 864 906 922 720 734 701 658 654 561 506 493 471 457 474 622 668 713 662 568 584 695
1254 1298 1388 1353 1312 1305 1254 1234 1203 1212 1114 1092 1054 738 709 757 790 574 499 500 479 491 411 411 411 411 411 458 447 403 403 445 428 430 426 409 406 408 413 416 423 415 423 424 430 427 431 427 425 422 422 418 417 411 413 446 418 425 429 419 531 622 711 694 707 690 700 559 546 541 507 513 474 461 423 446 525 534 608 720 813 835 776
1148 1299 1405 1366 1321 1289 1236 1213 1188 1188 1203 1095 1047 723 600 624 631 577 517 479 532 548 469 459 466 473 439 411 403 432 403 403 407 424 421 410 412 405 407 411 399 415 417 421 433 427 423 426 418 416 421 413 410 403 400 402 411 411 408 396 410 438 568 621 617 637 651 631 595 448 461 461 448 428 413 426 475 472 443 562 893 909 767
949 1057 1160 1328 1353 1301 1224 1247 1219 1212 1259 1129 1022 652 591 591 522 522 479 549 602 652 522 465 424 416 421 433 431 418 409 405 394 411 411 412 421 418 394 399 406 410 414 416 426 422 420 417 416 418 411 417 411 402 395 394 403 400 396 394 440 481 464 473 504 511 543 524 506 455 428 441 449 441 408 419 430 423 442 520 637 769 812
1012 834 888 1083 1163 1031 1193 1195 1251 1183 1211 1234 898 721 576 522 534 639 524 591 596 533 491 457 446 449 416 416 416 395 394 408 394 407 405 403 401 396 394 402 403 407 408 420 430 415 415 420 422 420 406 406 418 399 402 394 394 394 394 394 394 404 433 447 442 444 453 455 415 394 406 426 423 447 408 414 418 437 421 436 450 564 776
1098 849 762 686 678 842 890 987 1102 1193 1145 1137 851 685 549 530 562 654 684 704 619 521 497 476 450 433 470 508 532 467 394 394 405 394 404 402 400 394 395 397 399 410 415 419 414 406 410 409 424 419 414 398 396 394 394 394 394 394 394 394 394 394 394 409 429 405 418 394 394 394 403 394 418 446 419 408 424 447 421 457 453 454 478
1126 918 902 832 745 641 696 763 840 921 1170 1153 863 718 648 638 664 751 753 789 730 580 593 512 484 486 482 609 617 521 469 394 399 394 394 394 394 394 394 396 395 402 412 400 403 405 401 402 414 415 400 403 400 394 394 394 394 394 394 394 394 394 398 400 394 394 394 394 394 394 394 395 402 424 427 397 407 421 422 464 453 453 453
1237 891 849 912 856 634 580 608 664 794 882 886 818 752 747 676 652 726 873 889 843 630 618 569 568 541 493 755 802 627 544 438 509 465 491 394 394 394 394 394 394 394 399 397 401 398 399 399 406 400 406 406 396 394 394 394 394 394 394 394 394 394 394 394 394 394 394 394 398 401 469 426 441 432 433 403 394 394 394 488 453 453 457
844 795 762 865 895 786 682 580 585 868 769 674 673 715 606 631 820 827 880 875 860 776 732 639 636 610 591 777 781 592 522 481 411 421 400 394 394 394 394 394 394 395 405 399 394 394 394 394 402 394 394 394 396 394 394 394 394 394 394 394 394 394 394 394 394 394 394 419 394 394 425 409 396 453 434 418 394 394 598 653 633 584 573
