test_domain_2/input/morph/slope.asc
ncols	240
nrows	240
xllcorner	4597369
yllcorner	2495847
cellsize	500
NODATA_value	-9999
[rows 160 to 199 of 240, columns 91 to 181 of 240]
-9999 -9999 -9999 -9999 -9999 4 6 9 8 12 8 9 12 16 22 31 22 0 0 0 0 0 5 10 5 2 5 6 5 6 3 1 3 9 11 12 7 6 10 2 11 6 1 7 6 2 6 7 7 9 9 6 6 9 11 6 5 1 18 18 9 5 10 9 9 9 7 16 20 12 1 5 5 5 5 7 8 6 6 9 12 11 7 12 19 23 14 3 0 0 0
-9999 -9999 -9999 -9999 -9999 -9999 1 3 -9999 12 2 6 9 9 8 29 30 2 0 0 0 0 2 8 10 7 5 3 3 4 4 3 1 6 10 14 14 9 6 1 10 9 6 10 7 3 6 3 2 7 12 11 8 4 3 9 9 9 1 12 13 2 6 6 9 5 6 9 18 17 7 3 9 5 1 4 6 6 6 5 13 9 -9999 0 8 20 27 15 2 0 0
-9999 -9999 -9999 -9999 -9999 -9999 -9999 -9999 -9999 -9999 -9999 -9999 2 9 10 27 30 4 0 0 0 1 2 1 7 12 12 8 0 3 3 4 1 1 5 11 19 16 12 15 18 14 14 11 4 3 6 4 5 3 6 7 5 6 7 6 5 7 11 2 13 9 6 10 5 8 10 4 12 14 16 6 6 9 3 4 3 3 1 0 11 8 -9999 3 2 11 28 29 11 2 0
-9999 -9999 -9999 -9999 -9999 -9999 -9999 -9999 -9999 -9999 -9999 -9999 14 25 24 25 22 3 0 0 2 2 1 1 1 6 11 14 5 4 4 4 2 1 1 6 16 21 23 21 15 11 11 7 5 8 8 5 1 1 3 3 6 8 10 8 2 5 10 10 7 7 5 4 7 7 3 5 10 15 21 13 3 7 3 2 1 3 1 1 7 -9999 -9999 -9999 7 12 12 31 25 10 0
-9999 -9999 -9999 -9999 -9999 -9999 -9999 -9999 -9999 -9999 -9999 -9999 27 28 20 17 12 1 0 4 8 6 3 1 0 1 5 14 12 2 5 3 1 1 1 1 7 11 11 9 6 5 5 5 5 6 0 4 3 1 2 2 4 4 5 7 7 5 6 10 4 2 3 2 4 0 8 7 4 7 19 14 1 6 2 2 2 2 1 2 -9999 -9999 -9999 -9999 8 14 3 16 33 25 4
-9999 -9999 -9999 -9999 -9999 -9999 -9999 -9999 -9999 -9999 -9999 13 17 14 7 7 5 0 2 10 8 8 6 0 0 0 4 10 10 5 1 4 2 1 2 1 0 2 4 5 4 4 4 4 3 0 8 8 8 7 7 7 5 2 1 4 8 3 2 4 5 4 2 1 6 2 16 13 18 15 17 13 3 5 5 1 3 4 5 5 -9999 -9999 -9999 -9999 10 12 9 5 24 33 14
-9999 -9999 -9999 -9999 -9999 -9999 -9999 -9999 -9999 -9999 -9999 1 5 11 12 6 5 7 9 11 2 9 7 2 0 1 5 9 6 1 2 3 3 1 2 2 1 0 1 2 4 4 2 3 2 4 6 4 1 6 10 9 8 5 2 4 8 2 3 1 2 4 6 7 3 5 20 11 12 15 13 7 2 3 4 4 4 3 3 1 -9999 -9999 -9999 -9999 -9999 14 10 14 7 25 28
-9999 -9999 -9999 -9999 -9999 -9999 -9999 -9999 -9999 -9999 -9999 -9999 8 12 15 11 13 16 13 6 2 7 7 6 3 1 5 8 8 5 3 2 2 0 0 2 2 3 4 3 1 1 5 10 8 3 3 5 5 5 3 1 1 3 3 3 5 5 3 2 2 2 2 4 4 11 15 6 0 2 5 7 9 8 4 2 7 3 -9999 -9999 -9999 -9999 -9999 -9999 -9999 -9999 7 6 11 1 25
-9999 -9999 -9999 -9999 -9999 -9999 -9999 -9999 -9999 -9999 -9999 -9999 -9999 6 10 5 7 8 8 4 3 5 2 5 7 4 2 5 5 7 6 5 5 3 3 2 1 8 8 9 9 7 9 15 12 9 10 17 14 7 3 1 1 1 0 2 1 0 1 2 1 3 3 5 6 12 9 8 13 15 14 15 15 10 7 3 6 6 -9999 -9999 -9999 -9999 -9999 -9999 -9999 -9999 -9999 -9999 5 13 6
-9999 -9999 -9999 -9999 -9999 -9999 -9999 -9999 -9999 -9999 -9999 -9999 -9999 -9999 -9999 -9999 -9999 -9999 5 8 6 4 0 2 6 8 4 6 3 2 5 5 4 4 4 2 9 14 13 17 23 23 15 21 21 28 26 18 8 5 5 2 0 0 1 0 1 0 0 1 1 1 2 2 2 10 8 13 20 19 18 15 11 8 5 8 -9999 -9999 -9999 -9999 -9999 -9999 -9999 -9999 -9999 -9999 -9999 -9999 -9999 15 8
-9999 -9999 -9999 -9999 -9999 -9999 -9999 -9999 -9999 -9999 -9999 -9999 -9999 -9999 -9999 -9999 -9999 6 6 6 4 2 0 3 0 6 5 5 1 1 3 1 2 1 2 7 15 14 15 20 25 29 26 22 14 15 9 3 7 7 5 1 0 0 1 0 0 1 0 0 1 0 0 0 1 6 3 10 6 4 1 5 11 9 -9999 -9999 -9999 -9999 -9999 -9999 -9999 -9999 -9999 -9999 -9999 -9999 -9999 -9999 -9999 -9999 18
-9999 -9999 -9999 -9999 -9999 -9999 -9999 -9999 -9999 -9999 -9999 -9999 -9999 -9999 -9999 -9999 -9999 1 0 3 8 7 2 1 2 2 2 2 2 1 1 2 1 0 0 9 15 16 14 12 14 13 24 12 6 17 18 13 6 7 2 3 2 0 2 2 2 1 2 2 1 0 1 4 5 8 -9999 -9999 -9999 -9999 -9999 -9999 -9999 -9999 -9999 -9999 -9999 -9999 -9999 -9999 -9999 -9999 -9999 -9999 -9999 -9999 -9999 -9999 -9999 -9999 -9999
-9999 -9999 -9999 -9999 -9999 -9999 -9999 -9999 -9999 -9999 -9999 -9999 -9999 -9999 -9999 -9999 -9999 12 11 4 5 8 7 2 0 1 4 4 5 2 0 0 0 0 0 4 12 19 25 28 27 18 14 15 17 19 17 14 7 4 5 7 7 0 4 3 2 0 2 4 4 2 2 6 5 -9999 -9999 -9999 -9999 -9999 -9999 -9999 -9999 -9999 -9999 -9999 -9999 -9999 -9999 -9999 -9999 -9999 -9999 -9999 -9999 -9999 -9999 -9999 -9999 -9999 -9999
-9999 -9999 -9999 -9999 -9999 -9999 -9999 -9999 -9999 -9999 -9999 -9999 -9999 -9999 -9999 -9999 -9999 7 12 8 2 4 7 8 4 2 9 6 9 5 0 0 0 0 0 0 2 7 14 24 35 40 39 31 26 16 3 9 4 2 5 1 8 5 3 3 3 2 4 2 3 5 0 6 4 -9999 -9999 -9999 -9999 -9999 -9999 -9999 -9999 -9999 -9999 -9999 -9999 -9999 -9999 -9999 -9999 -9999 -9999 -9999 -9999 -9999 -9999 -9999 -9999 -9999 -9999
-9999 -9999 -9999 -9999 -9999 -9999 -9999 -9999 -9999 -9999 -9999 -9999 -9999 -9999 -9999 -9999 -9999 -9999 8 12 11 10 9 13 15 7 8 1 8 6 0 0 0 0 0 0 0 0 3 8 18 23 22 21 18 11 14 9 2 4 6 6 3 6 0 2 2 2 4 5 4 3 2 3 5 -9999 -9999 -9999 -9999 -9999 -9999 -9999 -9999 -9999 -9999 -9999 -9999 -9999 -9999 -9999 -9999 -9999 -9999 -9999 -9999 -9999 -9999 -9999 -9999 -9999 -9999
-9999 -9999 -9999 -9999 -9999 -9999 -9999 -9999 -9999 -9999 -9999 -9999 -9999 -9999 -9999 -9999 -9999 -9999 12 17 19 21 25 26 27 13 2 2 7 6 0 0 0 0 0 0 0 0 0 0 0 2 5 6 4 13 18 8 8 6 5 4 0 4 7 7 6 3 1 4 6 5 1 2 1 -9999 -9999 -9999 -9999 -9999 -9999 -9999 -9999 -9999 -9999 -9999 -9999 -9999 -9999 -9999 -9999 -9999 -9999 -9999 -9999 -9999 -9999 -9999 -9999 -9999 -9999
-9999 -9999 -9999 -9999 -9999 -9999 -9999 -9999 -9999 -9999 -9999 -9999 -9999 -9999 -9999 -9999 -9999 -9999 7 12 18 27 35 30 31 17 5 3 3 4 5 2 0 0 0 0 0 0 0 0 0 0 0 0 0 11 16 11 13 10 10 4 7 5 4 3 7 3 0 0 0 3 2 0 1 -9999 -9999 -9999 -9999 -9999 -9999 -9999 -9999 -9999 -9999 -9999 -9999 -9999 -9999 -9999 -9999 -9999 -9999 -9999 -9999 -9999 -9999 -9999 -9999 -9999 -9999
-9999 -9999 -9999 -9999 -9999 -9999 -9999 -9999 -9999 -9999 -9999 -9999 -9999 -9999 -9999 -9999 -9999 -9999 -9999 -9999 11 22 24 27 36 23 12 7 5 11 15 14 7 3 1 0 0 0 0 0 0 0 0 0 0 6 13 11 12 10 14 10 9 10 11 3 7 4 0 0 0 1 4 0 0 2 -9999 -9999 -9999 -9999 -9999 -9999 -9999 -9999 -9999 -9999 -9999 -9999 -9999 -9999 -9999 -9999 -9999 -9999 -9999 -9999 -9999 -9999 -9999 -9999 -9999
-9999 -9999 -9999 -9999 -9999 -9999 -9999 -9999 -9999 -9999 -9999 -9999 -9999 -9999 -9999 -9999 -9999 -9999 -9999 -9999 -9999 -9999 -9999 21 41 38 32 30 27 29 30 30 17 9 5 1 0 0 0 0 0 0 0 0 0 1 7 7 4 4 9 6 7 9 9 4 6 7 1 0 0 0 4 2 1 1 -9999 -9999 -9999 -9999 -9999 -9999 -9999 -9999 -9999 -9999 -9999 -9999 -9999 -9999 -9999 -9999 -9999 -9999 -9999 -9999 -9999 -9999 -9999 -9999 -9999
-9999 -9999 -9999 -9999 -9999 -9999 -9999 -9999 -9999 -9999 -9999 -9999 -9999 -9999 -9999 -9999 -9999 -9999 -9999 -9999 -9999 -9999 -9999 5 24 42 46 46 45 39 30 35 26 11 9 1 0 0 0 0 0 0 0 0 0 0 2 5 0 2 6 9 10 9 10 3 4 5 5 1 0 5 12 12 11 12 -9999 -9999 -9999 -9999 -9999 -9999 -9999 -9999 -9999 -9999 -9999 -9999 -9999 -9999 -9999 -9999 -9999 -9999 -9999 -9999 -9999 -9999 -9999 -9999 -9999
-9999 -9999 -9999 -9999 -9999 -9999 -9999 -9999 -9999 -9999 -9999 -9999 -9999 -9999 -9999 -9999 -9999 -9999 -9999 -9999 -9999 -9999 -9999 -9999 -9999 10 23 30 30 23 14 30 28 15 13 1 0 0 0 0 0 0 0 0 0 1 4 3 2 11 10 4 13 11 2 3 5 5 6 4 1 14 22 19 14 12 10 4 5 -9999 -9999 -9999 -9999 -9999 -9999 -9999 -9999 -9999 -9999 -9999 -9999 -9999 -9999 -9999 -9999 -9999 -9999 -9999 -9999 -9999 -9999
-9999 -9999 -9999 -9999 -9999 -9999 -9999 -9999 -9999 -9999 -9999 -9999 -9999 -9999 -9999 -9999 -9999 -9999 -9999 -9999 -9999 -9999 -9999 -9999 -9999 -9999 -9999 3 8 13 14 30 21 20 18 0 0 0 0 0 0 0 0 0 0 1 8 12 15 17 9 6 11 14 6 3 6 5 5 9 8 21 22 9 7 3 2 3 3 3 2 -9999 -9999 5 3 -9999 -9999 -9999 -9999 -9999 -9999 -9999 -9999 -9999 -9999 -9999 -9999 -9999 -9999 -9999 -9999
-9999 -9999 -9999 -9999 -9999 -9999 -9999 -9999 -9999 -9999 -9999 -9999 -9999 -9999 -9999 -9999 -9999 -9999 -9999 -9999 -9999 -9999 -9999 -9999 -9999 -9999 -9999 -9999 -9999 -9999 21 23 13 25 25 1 0 0 0 0 0 0 0 0 0 1 13 17 11 2 8 8 7 14 14 10 3 4 7 13 17 16 13 13 10 5 6 7 4 4 4 5 4 4 5 -9999 -9999 -9999 -9999 -9999 -9999 -9999 -9999 -9999 -9999 -9999 -9999 -9999 -9999 -9999 -9999
-9999 -9999 -9999 -9999 -9999 -9999 -9999 -9999 -9999 -9999 -9999 -9999 -9999 -9999 -9999 -9999 -9999 -9999 -9999 -9999 -9999 -9999 -9999 -9999 -9999 -9999 -9999 -9999 -9999 -9999 10 12 16 27 33 13 2 0 0 0 0 0 0 7 15 15 11 16 7 11 10 4 3 8 15 11 5 6 9 10 10 1 9 10 4 1 3 5 7 6 5 5 1 1 6 6 -9999 -9999 -9999 -9999 -9999 -9999 -9999 -9999 -9999 -9999 -9999 -9999 -9999 -9999 -9999
-9999 -9999 -9999 -9999 -9999 -9999 -9999 -9999 -9999 -9999 -9999 -9999 -9999 -9999 -9999 -9999 -9999 -9999 -9999 -9999 -9999 -9999 -9999 -9999 -9999 -9999 -9999 -9999 -9999 -9999 -9999 5 11 15 30 26 7 1 0 0 0 0 0 12 16 14 8 10 4 9 2 2 2 3 14 14 9 5 0 8 5 7 1 1 2 0 0 1 2 2 1 6 3 4 7 11 9 -9999 -9999 -9999 -9999 -9999 -9999 -9999 -9999 -9999 -9999 -9999 -9999 -9999 -9999
-9999 -9999 -9999 -9999 -9999 -9999 -9999 -9999 -9999 -9999 -9999 -9999 -9999 -9999 -9999 -9999 -9999 -9999 -9999 -9999 -9999 -9999 -9999 -9999 -9999 -9999 -9999 -9999 -9999 -9999 -9999 9 13 4 20 28 16 8 2 0 0 0 0 10 19 7 4 7 2 8 1 0 1 0 11 16 18 16 12 10 2 6 1 1 3 2 2 1 0 0 0 5 5 6 7 15 14 8 -9999 -9999 -9999 -9999 -9999 7 7 -9999 -9999 -9999 -9999 -9999 -9999
-9999 -9999 -9999 -9999 -9999 -9999 -9999 -9999 -9999 -9999 -9999 -9999 -9999 -9999 -9999 -9999 -9999 -9999 -9999 -9999 -9999 -9999 -9999 -9999 -9999 -9999 -9999 -9999 -9999 -9999 9 12 2 6 19 21 21 19 10 7 10 10 5 3 12 10 6 5 3 7 3 1 1 0 5 10 17 20 15 13 7 3 2 5 5 5 3 2 0 0 0 1 2 1 1 9 14 12 5 -9999 -9999 -9999 -9999 3 12 1 -9999 -9999 -9999 -9999 -9999
-9999 -9999 -9999 -9999 -9999 -9999 -9999 -9999 -9999 -9999 -9999 -9999 -9999 -9999 -9999 -9999 -9999 -9999 -9999 -9999 -9999 -9999 -9999 -9999 -9999 -9999 -9999 -9999 -9999 -9999 1 1 8 4 16 14 13 23 23 20 19 17 15 10 6 4 4 9 6 7 2 0 0 0 2 3 5 10 15 16 12 11 13 8 6 9 9 3 0 0 0 0 0 0 0 5 9 12 8 3 1 0 1 0 10 7 -9999 -9999 -9999 -9999 -9999
-9999 -9999 -9999 -9999 -9999 -9999 -9999 -9999 -9999 -9999 -9999 -9999 -9999 -9999 -9999 -9999 -9999 -9999 -9999 -9999 -9999 -9999 -9999 -9999 -9999 -9999 -9999 -9999 -9999 -9999 -9999 2 5 5 12 9 5 15 28 29 22 16 17 20 13 6 2 3 6 4 0 0 0 0 0 0 0 2 10 18 29 24 18 7 4 4 13 7 2 3 1 0 2 4 4 1 6 13 9 3 2 3 2 2 5 5 5 -9999 -9999 -9999 -9999
-9999 -9999 -9999 -9999 -9999 -9999 -9999 -9999 -9999 -9999 -9999 -9999 -9999 -9999 -9999 -9999 -9999 -9999 -9999 -9999 -9999 -9999 -9999 -9999 -9999 -9999 -9999 -9999 -9999 -9999 -9999 -9999 -9999 9 11 2 10 12 16 21 25 23 23 23 16 8 5 3 0 0 0 0 0 0 0 0 0 0 3 22 37 17 10 10 8 3 10 9 6 5 4 0 3 4 4 3 2 14 10 5 3 3 3 5 4 4 4 -9999 -9999 -9999 -9999
-9999 -9999 -9999 -9999 -9999 -9999 -9999 -9999 -9999 -9999 -9999 -9999 -9999 -9999 -9999 -9999 -9999 -9999 -9999 -9999 -9999 -9999 -9999 -9999 -9999 -9999 -9999 -9999 -9999 -9999 -9999 -9999 -9999 8 3 8 11 6 6 1 11 20 22 23 14 8 6 6 2 0 0 0 0 0 0 0 0 0 0 22 35 18 3 6 12 14 14 12 6 6 6 0 2 5 1 2 1 9 13 5 2 2 3 7 7 -9999 -9999 -9999 -9999 -9999 -9999
-9999 -9999 -9999 -9999 -9999 -9999 -9999 -9999 -9999 -9999 -9999 -9999 -9999 -9999 -9999 -9999 -9999 -9999 -9999 -9999 -9999 -9999 -9999 -9999 -9999 -9999 -9999 -9999 -9999 -9999 -9999 -9999 -9999 -9999 -9999 11 4 2 7 6 4 6 14 22 15 9 5 8 8 3 0 0 0 0 0 0 0 0 1 22 32 15 2 4 7 7 13 12 7 7 6 0 0 4 3 2 2 4 13 9 6 5 5 -9999 -9999 -9999 -9999 -9999 -9999 -9999 -9999
-9999 -9999 -9999 -9999 -9999 -9999 -9999 -9999 -9999 -9999 -9999 -9999 -9999 -9999 -9999 -9999 -9999 -9999 -9999 -9999 -9999 -9999 -9999 -9999 -9999 -9999 -9999 -9999 -9999 -9999 -9999 -9999 -9999 -9999 -9999 -9999 2 1 3 11 14 6 17 17 14 11 7 7 11 12 7 2 0 0 0 0 0 1 8 21 24 16 13 11 10 2 9 14 14 8 3 0 0 3 6 5 8 6 6 9 12 15 11 -9999 -9999 -9999 -9999 -9999 -9999 -9999 -9999
-9999 -9999 -9999 -9999 -9999 -9999 -9999 -9999 -9999 -9999 -9999 -9999 -9999 -9999 -9999 -9999 -9999 -9999 -9999 -9999 -9999 -9999 -9999 -9999 -9999 -9999 -9999 -9999 -9999 -9999 -9999 -9999 -9999 -9999 -9999 -9999 5 6 3 18 16 11 20 19 14 12 11 10 10 13 12 7 1 0 0 0 0 2 8 14 18 19 13 12 16 10 12 20 18 6 2 0 0 1 9 11 10 14 8 17 24 28 29 -9999 -9999 -9999 -9999 -9999 -9999 -9999 -9999
-9999 -9999 -9999 -9999 -9999 -9999 -9999 -9999 -9999 -9999 -9999 -9999 -9999 -9999 -9999 -9999 -9999 -9999 -9999 -9999 -9999 -9999 -9999 -9999 -9999 -9999 -9999 -9999 -9999 -9999 -9999 -9999 -9999 -9999 -9999 13 11 12 8 16 17 3 15 23 20 14 14 13 11 8 10 11 4 0 0 0 0 3 5 9 11 19 19 12 17 9 7 22 21 8 3 1 0 0 8 13 7 13 11 14 25 -9999 -9999 -9999 -9999 -9999 -9999 -9999 -9999 -9999 -9999
-9999 -9999 -9999 -9999 -9999 -9999 -9999 -9999 -9999 -9999 -9999 -9999 -9999 -9999 -9999 -9999 -9999 -9999 -9999 -9999 -9999 -9999 -9999 -9999 -9999 -9999 -9999 -9999 -9999 -9999 -9999 -9999 -9999 -9999 -9999 11 9 10 11 7 15 4 8 20 21 16 16 12 15 14 10 12 10 4 0 0 1 6 5 7 10 18 21 14 17 13 8 13 21 13 8 6 2 2 6 5 16 9 -9999 -9999 -9999 -9999 -9999 -9999 -9999 -9999 -9999 -9999 -9999 -9999 -9999
-9999 -9999 -9999 -9999 -9999 -9999 -9999 -9999 -9999 -9999 -9999 -9999 -9999 -9999 -9999 -9999 -9999 -9999 -9999 -9999 -9999 -9999 -9999 -9999 -9999 -9999 -9999 -9999 -9999 -9999 -9999 -9999 -9999 -9999 -9999 -9999 5 5 8 1 13 13 9 16 21 20 19 14 13 16 12 8 12 9 1 0 5 9 8 14 12 4 19 21 20 14 8 5 15 14 6 6 2 7 11 9 2 19 -9999 -9999 -9999 -9999 -9999 -9999 -9999 -9999 -9999 -9999 -9999 -9999 -9999
-9999 -9999 -9999 -9999 -9999 -9999 -9999 -9999 -9999 -9999 -9999 -9999 -9999 -9999 -9999 -9999 -9999 -9999 -9999 -9999 -9999 -9999 -9999 -9999 -9999 -9999 -9999 -9999 -9999 -9999 -9999 -9999 -9999 -9999 -9999 -9999 -9999 1 6 8 10 16 7 5 8 9 12 13 9 13 14 6 10 11 6 5 10 11 10 11 6 8 3 17 23 19 12 7 8 16 10 5 3 8 10 6 12 5 8 -9999 -9999 -9999 -9999 -9999 -9999 -9999 -9999 -9999 -9999 -9999 -9999
-9999 -9999 -9999 -9999 -9999 -9999 -9999 -9999 -9999 -9999 -9999 -9999 -9999 -9999 -9999 -9999 -9999 -9999 -9999 -9999 -9999 -9999 -9999 -9999 -9999 -9999 -9999 -9999 -9999 -9999 -9999 -9999 -9999 -9999 -9999 -9999 -9999 -9999 3 10 5 13 11 9 3 6 10 13 11 11 10 9 10 9 7 6 8 10 7 6 3 6 6 5 19 24 23 18 12 15 10 1 2 13 13 6 13 7 -9999 -9999 -9999 -9999 -9999 -9999 -9999 -9999 -9999 -9999 -9999 -9999 -9999
-9999 -9999 -9999 -9999 -9999 -9999 -9999 -9999 -9999 -9999 -9999 -9999 -9999 -9999 -9999 -9999 -9999 -9999 -9999 -9999 -9999 -9999 -9999 -9999 -9999 -9999 -9999 -9999 -9999 -9999 -9999 -9999 -9999 -9999 -9999 -9999 -9999 -9999 -9999 9 8 5 2 4 3 7 15 15 10 7 7 11 16 13 12 15 9 6 8 2 2 3 7 4 7 13 16 16 11 10 8 0 1 11 18 2 -9999 -9999 -9999 -9999 -9999 -9999 -9999 -9999 -9999 -9999 -9999 -9999 -9999 -9999 -9999
