test_domain_2/input/morph/slope.asc
ncols	240
nrows	240
xllcorner	4597369
yllcorner	2495847
cellsize	500
NODATA_value	-9999
[rows 40 to 79 of 240, columns 0 to 90 of 240]
-9999 -9999 -9999 -9999 -9999 -9999 -9999 -9999 -9999 -9999 -9999 -9999 -9999 -9999 -9999 -9999 -9999 -9999 -9999 -9999 -9999 -9999 -9999 -9999 -9999 -9999 -9999 -9999 -9999 -9999 -9999 -9999 -9999 11 13 73 99 48 12 72 113 90 76 47 45 51 73 33 48 69 31 11 67 59 33 28 18 17 21 22 44 60 19 18 23 25 18 12 8 5 10 10 7 8 14 18 18 10 10 11 15 6 3 1 1 2 6 18 35 41 31
-9999 -9999 -9999 -9999 -9999 -9999 -9999 -9999 -9999 -9999 -9999 -9999 -9999 -9999 -9999 -9999 -9999 -9999 -9999 -9999 -9999 -9999 -9999 -9999 -9999 -9999 -9999 -9999 -9999 -9999 -9999 -9999 -9999 -9999 22 45 94 62 41 108 90 24 37 52 69 76 44 38 77 61 3 40 73 59 24 13 2 9 12 15 35 63 43 6 7 16 17 9 4 4 8 9 10 9 17 23 24 24 19 16 11 5 5 2 1 1 1 2 13 31 44
-9999 -9999 -9999 -9999 -9999 -9999 -9999 -9999 -9999 -9999 -9999 -9999 -9999 -9999 -9999 -9999 -9999 -9999 -9999 -9999 -9999 -9999 -9999 -9999 -9999 -9999 -9999 -9999 -9999 -9999 -9999 -9999 -9999 -9999 46 65 77 45 74 108 47 18 25 49 67 44 41 76 76 30 39 66 66 31 22 21 10 9 14 20 17 41 51 42 35 24 1 15 16 10 5 14 14 11 7 6 6 7 8 6 5 1 5 4 1 1 1 1 5 10 17
-9999 -9999 -9999 -9999 -9999 -9999 -9999 -9999 -9999 -9999 -9999 -9999 -9999 -9999 -9999 -9999 -9999 -9999 -9999 -9999 -9999 -9999 -9999 -9999 -9999 -9999 -9999 -9999 -9999 -9999 -9999 -9999 -9999 -9999 67 58 22 46 95 84 29 19 19 14 14 63 84 77 54 13 76 84 34 16 33 24 14 11 16 20 14 16 25 25 24 30 28 11 8 19 17 20 13 7 7 6 4 3 2 1 2 4 0 5 3 0 1 1 1 1 5
-9999 -9999 -9999 -9999 -9999 -9999 -9999 -9999 -9999 -9999 -9999 -9999 -9999 -9999 -9999 -9999 -9999 -9999 -9999 -9999 -9999 -9999 -9999 -9999 -9999 -9999 -9999 -9999 -9999 -9999 -9999 -9999 -9999 -9999 34 68 102 113 101 59 19 10 11 24 37 69 82 51 17 60 92 53 23 38 20 15 10 11 15 17 8 11 13 16 13 12 21 26 17 9 9 9 6 6 8 8 3 1 0 1 1 2 4 3 5 1 1 1 1 0 1
-9999 -9999 -9999 -9999 -9999 -9999 -9999 -9999 -9999 -9999 -9999 -9999 -9999 -9999 -9999 -9999 -9999 -9999 -9999 -9999 -9999 -9999 -9999 -9999 -9999 -9999 -9999 -9999 -9999 -9999 -9999 -9999 -9999 -9999 36 72 96 93 65 27 7 17 30 27 17 73 86 19 40 83 65 5 43 27 10 9 6 12 16 12 7 11 8 13 14 9 11 17 17 26 29 12 12 12 14 15 2 1 2 1 1 1 4 1 5 3 2 1 2 1 1
-9999 -9999 -9999 -9999 -9999 -9999 -9999 -9999 -9999 -9999 -9999 -9999 -9999 -9999 -9999 -9999 -9999 -9999 -9999 -9999 -9999 -9999 -9999 -9999 -9999 -9999 -9999 -9999 -9999 -9999 -9999 -9999 -9999 -9999 -9999 -9999 -9999 8 20 20 28 39 38 24 27 89 74 30 71 59 18 32 37 18 10 4 3 10 8 3 6 10 6 11 14 12 13 18 20 17 30 17 14 10 14 20 4 4 4 2 1 0 3 1 3 4 3 1 1 2 2
-9999 -9999 -9999 -9999 -9999 -9999 -9999 -9999 -9999 -9999 -9999 -9999 -9999 -9999 -9999 -9999 -9999 -9999 -9999 -9999 -9999 -9999 -9999 -9999 -9999 -9999 -9999 -9999 -9999 -9999 -9999 -9999 -9999 -9999 -9999 -9999 -9999 40 33 26 38 39 30 28 47 78 33 67 57 5 25 36 30 12 8 5 7 10 4 2 5 8 6 10 12 13 15 17 11 12 25 14 12 15 18 19 7 4 2 4 3 1 1 3 2 3 4 2 1 1 2
-9999 -9999 -9999 -9999 -9999 -9999 -9999 -9999 -9999 -9999 -9999 -9999 -9999 -9999 -9999 -9999 -9999 -9999 -9999 -9999 -9999 -9999 -9999 -9999 -9999 -9999 -9999 -9999 -9999 -9999 -9999 -9999 -9999 -9999 -9999 -9999 -9999 30 37 38 36 33 30 34 41 30 56 71 23 23 24 26 20 7 7 7 5 6 3 1 5 7 6 6 10 15 15 15 8 11 17 17 17 14 11 14 12 2 7 5 6 3 1 2 3 0 3 3 1 0 1
-9999 -9999 -9999 -9999 -9999 -9999 -9999 -9999 -9999 -9999 -9999 -9999 -9999 -9999 -9999 -9999 -9999 -9999 -9999 -9999 -9999 -9999 -9999 -9999 -9999 -9999 -9999 -9999 -9999 -9999 -9999 -9999 -9999 -9999 -9999 -9999 20 36 45 49 31 15 35 30 46 46 48 31 17 33 21 13 10 5 3 0 1 5 6 3 5 6 5 8 15 19 17 21 21 14 22 24 22 14 6 11 12 3 7 9 7 3 1 1 2 2 2 4 2 1 1
-9999 -9999 -9999 -9999 -9999 -9999 -9999 -9999 -9999 -9999 -9999 -9999 -9999 -9999 -9999 -9999 -9999 -9999 -9999 -9999 -9999 -9999 -9999 -9999 -9999 -9999 -9999 -9999 -9999 -9999 -9999 -9999 -9999 -9999 -9999 24 15 14 17 17 24 19 18 35 37 25 13 25 22 35 24 7 7 4 3 0 2 6 8 3 4 3 7 13 15 13 15 24 30 25 22 23 25 22 22 19 11 3 3 6 6 3 2 3 1 1 0 3 3 1 0
-9999 -9999 -9999 -9999 -9999 -9999 -9999 -9999 -9999 -9999 -9999 -9999 -9999 -9999 -9999 -9999 -9999 -9999 -9999 -9999 -9999 -9999 -9999 -9999 -9999 -9999 -9999 -9999 -9999 -9999 -9999 -9999 -9999 -9999 20 27 14 10 19 29 12 31 15 20 32 23 20 27 29 31 20 7 6 4 5 4 4 8 8 4 3 1 6 6 7 4 13 19 32 37 30 28 20 3 8 13 12 9 7 4 2 0 0 2 1 1 1 1 2 3 2
-9999 -9999 -9999 -9999 -9999 -9999 -9999 -9999 -9999 -9999 -9999 -9999 -9999 -9999 -9999 -9999 -9999 -9999 -9999 -9999 -9999 -9999 -9999 -9999 -9999 -9999 -9999 -9999 -9999 -9999 -9999 -9999 -9999 -9999 9 24 15 21 35 31 15 22 33 47 35 19 23 15 19 16 13 3 6 11 11 6 4 7 6 2 2 2 7 8 8 5 5 7 29 38 38 38 16 5 21 24 30 29 28 26 26 25 21 20 17 10 9 6 2 3 3
-9999 -9999 -9999 -9999 -9999 -9999 -9999 -9999 -9999 -9999 -9999 -9999 -9999 -9999 -9999 -9999 -9999 -9999 -9999 -9999 -9999 -9999 -9999 -9999 -9999 -9999 -9999 -9999 -9999 -9999 14 13 26 -9999 6 19 22 28 22 16 16 32 58 64 46 42 12 27 8 5 10 5 10 13 17 18 8 3 4 3 4 0 4 8 9 5 5 2 28 38 38 39 16 16 37 34 41 41 36 31 29 29 26 24 22 13 8 10 7 2 1
-9999 -9999 -9999 -9999 -9999 -9999 -9999 -9999 -9999 -9999 -9999 -9999 -9999 -9999 -9999 -9999 -9999 -9999 -9999 -9999 -9999 -9999 -9999 -9999 -9999 -9999 -9999 -9999 20 19 16 28 14 10 12 13 31 30 10 22 24 31 36 38 30 48 19 30 9 12 9 3 9 3 6 18 15 8 5 3 5 0 1 4 6 3 4 4 28 43 34 30 17 23 46 36 32 32 30 23 12 11 14 14 21 11 2 6 7 5 5
-9999 -9999 -9999 -9999 -9999 -9999 -9999 -9999 -9999 -9999 -9999 -9999 -9999 -9999 -9999 -9999 -9999 -9999 -9999 -9999 -9999 -9999 -9999 -9999 -9999 -9999 3 18 32 8 25 28 5 18 23 32 47 23 15 22 20 40 37 27 33 56 40 27 14 15 11 8 10 8 9 10 11 9 9 6 5 4 9 6 2 7 8 11 19 43 38 25 10 17 47 32 7 12 18 25 22 17 10 9 21 19 13 5 6 6 3
-9999 -9999 -9999 -9999 -9999 -9999 -9999 -9999 -9999 -9999 -9999 -9999 -9999 -9999 -9999 -9999 -9999 -9999 -9999 -9999 -9999 -9999 -9999 -9999 -9999 15 17 24 25 16 28 22 16 31 44 68 56 25 16 14 12 50 42 39 41 65 61 33 15 12 13 12 10 9 8 2 8 7 7 9 7 8 5 12 17 15 12 16 18 30 40 30 9 12 49 36 4 5 5 13 19 20 17 14 17 25 35 37 33 25 13
-9999 -9999 -9999 -9999 -9999 -9999 -9999 -9999 -9999 -9999 -9999 -9999 -9999 -9999 -9999 -9999 -9999 -9999 -9999 -9999 -9999 -9999 -9999 -9999 11 16 16 22 17 19 28 18 17 26 33 36 18 32 21 18 12 38 45 53 36 24 53 39 18 12 15 21 16 4 1 4 9 15 12 11 15 16 19 23 21 20 17 12 8 14 34 38 12 12 52 39 6 8 7 9 8 7 17 21 18 21 34 46 46 41 31
-9999 -9999 -9999 -9999 -9999 -9999 -9999 -9999 -9999 -9999 -9999 -9999 -9999 -9999 -9999 -9999 -9999 -9999 -9999 -9999 -9999 -9999 -9999 -9999 19 20 25 24 12 22 21 19 26 25 28 29 7 15 20 27 21 9 34 54 61 19 35 37 16 13 19 23 24 11 4 12 22 31 27 22 17 8 8 17 14 11 13 12 4 8 28 40 27 9 53 40 3 8 9 11 11 6 9 17 20 21 22 19 28 36 36
-9999 -9999 -9999 -9999 -9999 -9999 -9999 -9999 -9999 -9999 -9999 -9999 -9999 -9999 -9999 -9999 -9999 -9999 -9999 -9999 -9999 -9999 -9999 -9999 19 20 21 20 12 26 14 20 23 29 30 20 9 3 19 34 33 29 25 32 60 33 33 31 10 15 16 22 24 19 7 18 34 39 29 22 12 8 3 12 10 2 5 11 17 25 30 24 23 5 56 41 8 7 8 11 13 10 10 15 18 16 13 9 15 24 41
-9999 -9999 -9999 -9999 -9999 -9999 -9999 -9999 -9999 -9999 -9999 -9999 -9999 -9999 -9999 -9999 -9999 -9999 -9999 -9999 -9999 -9999 -9999 -9999 11 15 22 14 18 32 17 21 11 15 14 9 11 13 28 34 20 30 44 51 55 25 34 25 7 18 11 26 20 21 22 34 48 30 18 16 7 9 9 5 11 8 4 9 27 45 45 37 24 21 62 36 8 8 10 10 12 13 13 13 14 11 8 5 7 9 26
-9999 -9999 -9999 -9999 -9999 -9999 -9999 -9999 -9999 -9999 -9999 -9999 -9999 -9999 -9999 -9999 -9999 -9999 -9999 -9999 -9999 -9999 -9999 -9999 -9999 13 20 18 6 32 35 21 9 7 11 9 12 9 18 32 15 29 42 34 31 19 35 31 6 23 24 40 38 36 39 42 43 17 18 17 8 6 14 25 26 14 4 12 31 23 1 18 28 46 52 21 4 0 5 7 13 18 15 12 13 13 8 2 5 7 11
-9999 -9999 -9999 -9999 -9999 -9999 -9999 -9999 -9999 -9999 -9999 -9999 -9999 -9999 -9999 -9999 -9999 -9999 -9999 -9999 -9999 -9999 -9999 -9999 -9999 18 15 15 15 14 32 24 7 8 10 1 15 20 20 34 45 30 19 24 33 24 27 38 14 29 25 33 45 47 46 41 32 15 23 23 15 14 31 42 41 30 15 10 33 12 36 42 44 38 23 17 14 9 4 6 12 13 12 9 7 9 11 9 6 9 12
-9999 -9999 -9999 -9999 -9999 -9999 -9999 -9999 -9999 -9999 -9999 -9999 -9999 -9999 -9999 -9999 -9999 -9999 -9999 -9999 -9999 -9999 -9999 7 22 24 17 10 14 14 3 24 32 25 11 12 4 17 9 13 34 36 27 18 37 36 17 34 22 29 23 14 22 28 31 30 22 13 20 25 19 36 40 28 20 30 34 21 30 4 41 25 22 14 4 8 11 12 12 14 12 2 6 6 4 5 9 11 7 4 6
-9999 -9999 -9999 -9999 -9999 -9999 -9999 -9999 -9999 -9999 -9999 -9999 -9999 -9999 -9999 -9999 -9999 -9999 -9999 -9999 -9999 -9999 -9999 10 11 10 9 5 5 10 12 26 57 65 47 32 27 28 20 25 31 40 51 50 45 33 10 27 30 29 21 9 6 6 7 6 4 4 10 20 27 34 18 6 3 12 26 29 23 8 45 32 11 12 12 7 1 5 8 18 19 7 0 4 6 6 5 7 7 4 3
-9999 -9999 -9999 -9999 -9999 -9999 -9999 -9999 -9999 -9999 -9999 -9999 -9999 -9999 -9999 -9999 -9999 -9999 -9999 -9999 -9999 -9999 12 9 14 12 8 8 13 13 18 50 58 74 92 89 74 56 50 62 71 75 66 48 35 19 7 13 19 14 7 24 22 12 8 19 16 13 5 17 19 2 14 13 10 7 2 10 9 27 44 32 6 8 12 15 11 5 2 10 16 15 11 6 3 7 10 8 7 6 0
-9999 -9999 -9999 -9999 -9999 -9999 -9999 -9999 -9999 -9999 -9999 -9999 -9999 -9999 -9999 -9999 -9999 -9999 -9999 -9999 -9999 -9999 11 11 16 18 14 11 13 11 19 54 56 32 54 76 81 79 78 76 65 46 20 3 2 1 0 2 5 9 25 21 23 13 4 13 10 18 9 1 12 23 22 20 15 19 22 20 27 34 33 22 8 10 10 12 12 11 7 6 7 18 23 19 14 5 9 7 6 7 3
-9999 -9999 -9999 -9999 -9999 -9999 -9999 -9999 -9999 -9999 -9999 -9999 -9999 -9999 -9999 -9999 -9999 -9999 -9999 -9999 -9999 -9999 2 14 16 12 6 6 12 9 14 40 61 38 7 18 33 42 40 28 10 0 0 0 0 0 0 4 6 12 15 18 27 16 9 13 18 12 1 10 14 8 5 9 5 21 30 34 31 22 26 22 12 9 7 9 12 13 12 7 6 5 14 28 33 21 6 5 8 7 3
-9999 -9999 -9999 -9999 -9999 -9999 -9999 -9999 -9999 -9999 -9999 -9999 -9999 -9999 -9999 -9999 -9999 -9999 -9999 -9999 -9999 -9999 -9999 -9999 29 21 8 5 8 12 18 34 63 50 24 10 6 8 9 11 13 13 11 8 6 4 1 4 8 11 9 20 17 8 4 5 3 0 3 10 13 8 2 3 16 22 16 23 26 19 22 22 11 7 5 6 10 9 6 8 9 9 13 18 41 49 34 21 19 9 0
-9999 -9999 -9999 -9999 -9999 -9999 -9999 -9999 -9999 -9999 -9999 -9999 -9999 -9999 -9999 -9999 -9999 -9999 -9999 -9999 -9999 -9999 -9999 -9999 -9999 23 19 5 6 8 13 31 66 68 49 35 40 44 47 46 45 44 40 31 20 13 7 1 6 13 13 9 0 0 0 0 0 0 3 6 10 17 19 24 28 26 22 23 24 26 25 14 11 11 5 6 9 11 6 9 8 6 18 21 19 43 61 61 48 36 25
-9999 -9999 -9999 -9999 -9999 -9999 -9999 -9999 -9999 -9999 -9999 -9999 -9999 -9999 -9999 -9999 -9999 -9999 -9999 -9999 -9999 -9999 -9999 -9999 -9999 -9999 -9999 27 23 16 10 16 45 58 46 46 54 65 72 68 64 59 54 44 28 18 12 4 0 4 3 2 4 2 0 0 3 7 10 9 15 26 16 15 21 25 26 25 24 25 24 18 8 11 11 14 18 20 15 16 15 9 15 35 26 5 22 36 43 47 46
-9999 -9999 -9999 -9999 -9999 -9999 -9999 -9999 -9999 -9999 -9999 -9999 -9999 -9999 -9999 -9999 -9999 -9999 -9999 -9999 -9999 -9999 -9999 -9999 -9999 -9999 -9999 -9999 23 24 18 9 30 44 35 37 31 40 38 43 44 37 35 35 27 21 21 18 9 9 18 17 10 4 5 9 14 17 17 17 26 28 15 12 16 23 23 22 22 19 14 14 13 10 17 17 15 19 16 18 23 11 8 36 30 13 20 15 14 31 40
-9999 -9999 -9999 -9999 -9999 -9999 -9999 -9999 -9999 -9999 -9999 -9999 -9999 -9999 -9999 -9999 -9999 -9999 -9999 -9999 -9999 -9999 -9999 -9999 -9999 -9999 -9999 -9999 23 23 16 18 32 50 41 32 15 29 10 15 18 30 31 30 20 24 33 38 43 47 37 25 22 22 25 27 30 28 27 31 37 34 26 22 20 28 23 11 8 5 7 11 15 15 14 15 3 12 14 16 23 18 17 40 31 9 1 23 22 3 16
-9999 -9999 -9999 -9999 -9999 -9999 -9999 -9999 -9999 -9999 -9999 -9999 -9999 -9999 -9999 -9999 -9999 -9999 -9999 -9999 -9999 -9999 -9999 -9999 -9999 -9999 -9999 -9999 -9999 -9999 12 19 17 26 25 24 7 20 19 11 25 35 26 25 18 24 32 43 54 50 34 23 38 48 46 42 39 36 36 35 37 39 37 36 31 23 10 6 13 10 5 6 10 13 11 11 6 3 6 12 24 32 38 43 27 15 16 12 21 15 4
-9999 -9999 -9999 -9999 -9999 -9999 -9999 -9999 -9999 -9999 -9999 -9999 -9999 -9999 -9999 -9999 -9999 -9999 -9999 -9999 -9999 -9999 -9999 -9999 -9999 -9999 -9999 -9999 -9999 -9999 -9999 -9999 12 22 27 16 15 12 24 12 27 43 40 28 22 40 44 43 38 33 40 32 47 49 43 40 38 33 33 26 24 29 28 35 31 11 6 12 13 15 13 10 5 3 13 19 13 7 4 2 28 40 40 36 13 13 24 25 18 17 5
-9999 -9999 -9999 -9999 -9999 -9999 -9999 -9999 -9999 -9999 -9999 -9999 -9999 -9999 -9999 -9999 -9999 -9999 -9999 -9999 -9999 -9999 -9999 -9999 -9999 -9999 -9999 -9999 -9999 -9999 -9999 -9999 6 22 32 29 24 15 25 17 16 32 41 33 44 45 37 34 31 37 47 36 41 35 34 32 26 23 30 27 7 22 -9999 -9999 21 21 5 11 5 12 16 24 29 28 24 14 7 2 4 19 37 35 36 36 15 10 10 13 13 11 2
-9999 -9999 -9999 -9999 -9999 -9999 -9999 -9999 -9999 -9999 -9999 -9999 -9999 -9999 -9999 -9999 -9999 -9999 -9999 -9999 -9999 -9999 -9999 -9999 -9999 -9999 -9999 -9999 -9999 -9999 -9999 -9999 -9999 -9999 19 34 29 25 32 14 11 26 22 40 49 33 22 16 11 21 38 26 30 19 26 21 18 17 17 -9999 -9999 -9999 -9999 -9999 -9999 14 15 22 10 15 22 35 41 44 50 53 53 49 39 39 41 30 31 30 14 12 18 14 6 5 1
-9999 -9999 -9999 -9999 -9999 -9999 -9999 -9999 -9999 -9999 -9999 -9999 -9999 -9999 -9999 -9999 -9999 -9999 -9999 -9999 -9999 -9999 -9999 -9999 -9999 -9999 -9999 -9999 -9999 -9999 -9999 -9999 -9999 -9999 -9999 -9999 -9999 -9999 -9999 -9999 14 22 30 40 28 28 30 25 19 26 36 37 28 21 29 27 -9999 -9999 -9999 -9999 -9999 -9999 -9999 -9999 -9999 -9999 16 27 19 21 28 31 31 37 45 50 53 54 43 31 38 24 14 23 32 33 26 19 10 6 0
-9999 -9999 -9999 -9999 -9999 -9999 -9999 -9999 -9999 -9999 -9999 -9999 -9999 -9999 -9999 -9999 -9999 -9999 -9999 -9999 -9999 -9999 -9999 -9999 -9999 -9999 -9999 -9999 -9999 -9999 -9999 -9999 -9999 -9999 -9999 -9999 -9999 -9999 -9999 -9999 -9999 -9999 28 22 18 15 15 26 25 18 18 21 8 10 1 -9999 -9999 -9999 -9999 -9999 -9999 -9999 -9999 -9999 -9999 -9999 37 33 28 20 20 20 18 28 30 23 11 18 25 12 30 21 17 10 15 13 19 23 11 3 13
-9999 -9999 -9999 -9999 -9999 -9999 -9999 -9999 -9999 -9999 -9999 -9999 -9999 -9999 -9999 -9999 -9999 -9999 -9999 -9999 -9999 -9999 -9999 -9999 -9999 -9999 -9999 -9999 -9999 -9999 -9999 -9999 -9999 -9999 -9999 -9999 -9999 -9999 -9999 -9999 -9999 -9999 -9999 -9999 -9999 -9999 -9999 -9999 -9999 -9999 -9999 -9999 -9999 -9999 -9999 -9999 -9999 -9999 -9999 -9999 -9999 -9999 -9999 -9999 -9999 -9999 38 37 30 16 9 13 17 20 23 22 6 21 22 20 18 34 22 41 28 32 30 20 5 8 14
