test_domain_2/input/morph/slope.asc
ncols	240
nrows	240
xllcorner	4597369
yllcorner	2495847
cellsize	500
NODATA_value	-9999
[rows 80 to 119 of 240, columns 91 to 181 of 240]
10 16 14 12 31 19 10 3 1 1 1 2 15 17 7 12 10 15 10 13 11 11 9 1 0 0 0 0 0 0 0 0 0 0 0 0 0 0 0 0 0 0 0 0 0 0 0 0 0 0 0 0 0 0 0 0 0 0 0 0 0 0 0 0 0 0 0 0 0 0 1 4 5 5 8 12 14 13 13 11 10 12 16 19 14 8 6 9 9 2 4
11 6 7 4 23 27 24 18 12 3 0 3 16 12 14 8 4 16 11 11 7 9 6 0 0 0 0 0 0 0 0 0 0 0 0 0 0 0 0 0 0 0 0 0 0 0 0 0 0 0 0 0 0 0 0 0 0 0 0 0 0 0 0 0 0 0 0 0 0 0 0 0 1 5 2 7 12 9 5 5 5 4 3 2 6 5 8 10 6 9 10
11 4 4 0 6 16 19 17 19 12 4 1 12 14 9 14 2 18 8 5 7 7 3 0 0 0 0 0 0 0 0 0 0 0 0 0 0 0 0 0 0 0 0 0 0 0 0 0 0 0 0 0 0 0 0 0 0 0 0 0 0 0 0 0 0 0 0 0 0 0 0 0 2 4 3 5 7 8 9 6 3 3 0 5 4 8 8 11 12 14 12
15 12 6 15 18 13 8 11 11 10 7 5 4 3 9 18 6 22 6 4 7 3 1 0 0 0 0 0 0 0 0 0 0 0 0 0 0 0 0 0 0 0 0 0 0 0 0 0 0 0 0 0 0 0 0 0 0 1 1 1 0 0 0 0 0 0 0 0 0 0 0 0 1 3 3 2 2 4 7 8 7 8 10 7 1 6 6 13 15 10 10
22 10 18 11 8 14 13 14 13 10 4 9 7 8 13 20 10 23 7 6 5 1 0 0 0 0 0 0 0 0 0 0 0 0 0 0 0 0 0 0 0 0 0 0 0 0 0 0 0 0 0 0 0 0 0 0 0 1 0 1 0 0 0 0 0 0 0 0 0 0 0 0 0 0 0 0 0 0 1 4 5 5 5 2 2 4 0 3 7 9 11
19 6 18 15 10 9 12 14 7 3 2 11 5 12 11 19 10 20 11 7 2 0 0 0 0 0 0 0 0 0 0 0 0 0 0 0 0 0 0 0 0 0 0 0 0 0 1 2 1 0 0 0 0 2 2 1 0 0 1 1 0 0 0 0 0 0 0 0 0 0 0 0 0 0 0 0 0 0 0 1 1 1 4 1 2 6 1 3 5 6 2
17 18 21 16 12 11 6 1 10 15 12 18 15 20 1 16 18 13 12 9 0 0 0 0 0 0 0 0 0 0 0 0 0 0 0 0 0 0 0 0 0 0 0 2 3 3 4 2 3 0 0 0 0 2 0 2 0 0 0 0 0 0 0 0 0 0 0 0 0 0 0 0 0 0 0 0 0 0 0 0 0 0 2 4 3 6 9 8 3 4 10
28 27 12 11 10 13 16 8 14 12 19 24 19 28 28 18 11 15 12 6 0 0 0 0 0 0 0 0 0 0 0 0 0 0 0 0 0 0 0 0 0 1 5 6 3 1 2 3 3 0 0 0 0 2 2 2 0 0 0 0 0 0 0 0 0 0 0 0 0 0 0 0 0 0 0 0 0 0 0 0 0 0 0 0 1 2 1 4 3 8 10
32 32 30 27 25 17 16 8 15 17 20 20 12 19 33 46 28 10 8 1 0 0 0 0 0 0 0 0 0 0 0 0 0 0 0 0 0 0 0 0 0 2 3 1 5 3 3 2 1 0 0 0 0 0 2 3 2 0 0 0 0 0 0 0 0 0 0 0 0 0 0 0 0 0 0 0 0 0 0 0 0 0 2 5 6 5 8 8 6 3 13
20 21 22 10 9 16 13 11 21 25 10 3 11 12 5 31 35 29 19 5 4 3 2 2 2 0 0 0 0 0 0 0 0 0 0 0 0 0 0 0 2 2 3 6 3 0 0 0 0 0 0 0 0 4 10 12 10 5 1 0 0 0 0 0 0 0 0 0 0 0 0 0 0 0 0 0 0 0 0 0 1 1 4 5 3 1 5 3 5 4 8
26 32 37 29 24 12 7 23 24 8 13 16 14 16 18 17 20 26 17 2 0 2 0 3 4 3 0 0 0 0 0 0 0 0 0 0 0 0 0 1 4 1 3 0 0 0 0 0 0 0 0 0 3 12 16 12 13 9 2 0 0 0 0 0 0 0 0 0 0 0 0 0 0 0 0 0 0 0 0 0 1 0 3 6 7 5 7 9 7 3 1
41 42 34 26 18 12 18 22 11 17 21 20 17 17 19 16 25 21 10 3 0 3 0 6 4 6 2 0 0 0 0 0 0 0 0 0 0 0 0 1 3 3 3 0 0 0 0 0 0 0 3 7 15 20 12 5 14 9 2 0 0 0 0 0 0 0 0 0 0 0 0 0 0 0 0 0 0 0 0 0 1 1 2 3 2 1 1 1 0 0 0
32 24 18 15 10 16 30 16 19 20 9 11 15 18 25 19 19 11 8 2 4 7 5 8 6 11 7 2 0 0 0 0 0 0 0 0 0 0 0 1 2 2 0 0 0 0 0 0 0 2 7 8 16 16 7 10 13 8 2 0 0 0 0 0 0 0 0 0 0 0 0 0 0 0 0 0 0 1 1 1 0 0 0 0 0 0 0 0 0 0 0
25 13 11 7 6 21 31 13 15 24 24 19 11 8 11 19 20 15 7 2 5 4 7 10 14 17 15 11 9 12 15 10 0 0 0 0 0 0 0 0 0 0 0 0 0 0 0 0 0 2 5 7 16 18 9 9 11 10 4 1 0 0 0 0 0 0 0 0 0 0 0 0 0 0 1 3 4 6 5 4 3 3 1 0 0 0 0 0 0 0 0
16 3 7 3 18 27 26 9 4 14 21 18 17 15 8 10 9 0 12 11 6 3 6 11 17 13 20 20 23 23 15 17 3 6 6 3 0 0 0 0 0 0 0 3 7 10 10 6 0 2 5 7 13 21 19 15 13 7 4 1 0 0 0 0 0 0 0 0 0 0 0 0 0 0 3 4 5 3 4 8 8 7 8 6 4 2 1 0 6 11 12
7 4 6 12 26 19 13 12 22 26 30 28 22 12 2 5 9 16 16 10 4 3 7 12 17 7 16 18 12 4 18 12 13 17 15 8 0 0 0 0 0 0 0 10 17 19 15 11 1 0 0 0 1 6 9 8 8 5 3 1 0 0 0 0 0 0 0 0 0 0 0 0 0 0 5 7 4 3 7 8 9 10 13 14 13 12 12 15 22 24 22
3 7 5 18 23 13 25 24 25 28 28 17 4 10 19 21 19 18 6 11 4 4 8 19 19 12 8 12 15 19 13 6 17 7 15 10 0 0 0 0 0 0 0 11 16 10 16 10 1 0 0 0 0 2 4 2 5 2 0 0 0 0 0 0 0 0 0 0 0 0 0 0 0 0 5 7 5 4 8 9 4 12 17 21 23 24 27 36 35 24 16
8 5 2 19 18 17 21 25 29 26 16 1 15 23 26 22 17 3 7 6 9 6 5 24 11 3 6 19 25 7 8 16 8 9 17 8 0 0 0 0 0 0 0 5 15 19 13 4 0 0 0 0 0 1 4 5 4 2 0 0 0 0 0 0 0 0 0 0 0 0 0 0 0 0 2 6 9 9 10 12 15 21 14 15 15 12 5 12 3 7 21
8 8 2 13 14 15 12 13 7 7 12 15 18 21 24 15 18 12 2 11 9 8 3 18 14 9 10 21 25 8 18 13 8 13 14 4 1 1 0 0 0 0 0 0 0 0 0 0 0 0 0 0 0 0 1 3 3 1 0 0 0 0 0 0 0 0 0 0 0 0 0 0 1 1 0 0 0 0 0 0 13 25 20 16 19 20 21 30 32 28 26
5 8 5 5 11 8 2 8 16 19 14 14 22 21 13 14 23 8 18 14 11 11 11 5 13 16 13 17 31 11 17 3 14 14 11 3 2 1 1 2 1 0 0 0 0 0 0 0 0 0 0 0 0 0 0 0 0 0 0 0 0 0 0 0 0 0 0 0 0 0 0 0 2 3 6 6 4 1 0 0 7 18 26 28 25 19 11 11 17 18 15
8 8 6 3 4 8 16 19 15 7 10 20 31 20 6 21 14 17 26 19 15 9 12 4 20 19 8 8 27 13 16 3 15 13 8 4 5 5 5 4 3 0 0 0 0 0 0 0 0 0 0 0 0 0 0 0 0 0 0 0 0 0 0 0 0 0 0 0 0 0 0 0 3 3 1 1 4 2 0 0 2 6 10 10 6 6 7 8 6 7 6
10 7 3 1 2 12 23 15 16 13 13 18 28 3 18 16 10 24 19 13 17 8 7 10 15 18 4 13 24 14 15 10 17 18 17 22 19 10 2 3 3 0 1 0 0 0 0 0 0 0 0 0 0 0 0 0 0 0 0 0 0 0 0 0 0 0 0 0 0 0 0 0 2 3 6 6 3 2 0 0 0 0 0 3 3 3 5 4 0 0 0
2 4 12 13 10 8 24 16 5 14 18 5 28 3 16 24 21 17 7 17 18 10 23 28 21 15 2 14 21 14 15 17 11 17 16 13 14 12 7 2 2 2 3 4 4 1 0 0 0 0 0 0 0 0 0 0 0 0 0 0 0 0 0 0 0 0 0 0 0 0 0 0 0 1 0 0 1 1 0 0 0 0 0 1 1 1 0 0 0 0 0
3 11 16 15 15 6 16 21 11 11 20 12 24 14 7 13 7 6 18 12 9 13 17 17 24 20 10 16 18 14 13 20 2 7 1 15 19 14 5 6 5 4 6 7 9 6 3 1 0 0 0 0 0 0 0 0 0 0 0 0 0 0 0 0 0 0 0 0 0 0 0 0 0 0 0 0 0 0 0 0 0 2 5 7 5 1 0 0 0 1 2
13 15 16 6 11 5 15 19 19 18 22 27 19 14 9 16 8 16 15 17 14 15 18 17 4 7 18 20 14 9 10 15 7 12 7 12 17 11 7 10 5 7 5 1 4 4 2 1 0 0 0 0 0 0 0 0 0 0 0 0 0 0 0 0 0 0 0 0 0 0 0 0 0 0 0 0 0 0 0 1 6 12 14 11 9 3 3 5 4 1 5
12 8 8 4 7 13 16 18 22 18 8 16 7 5 9 10 9 15 16 4 9 15 12 14 16 19 12 22 12 14 15 2 15 19 16 1 17 19 16 13 8 6 3 7 8 6 3 1 0 0 0 0 0 0 0 0 0 0 0 0 0 0 0 0 0 0 0 0 0 0 0 0 0 0 0 0 0 0 0 3 13 16 12 10 11 4 14 14 12 5 5
13 11 16 14 9 12 11 17 20 11 10 20 14 12 7 3 9 7 20 23 3 15 13 12 24 22 10 15 12 8 5 15 18 15 16 16 4 9 8 4 6 11 7 4 1 0 0 0 0 0 0 0 0 0 0 0 0 0 0 0 0 0 0 0 0 0 0 0 0 0 0 0 0 0 0 0 0 0 2 6 14 14 6 15 16 10 20 14 15 8 0
9 9 5 9 17 12 9 17 12 10 14 22 15 18 15 17 15 9 7 25 16 8 21 23 23 20 14 12 15 13 11 17 12 7 9 21 10 11 16 16 14 12 5 0 0 0 0 0 0 0 0 0 0 0 0 0 0 0 0 0 0 0 0 0 0 0 0 0 0 0 0 0 0 0 0 0 2 2 2 5 11 13 8 2 15 7 15 6 11 11 9
2 8 11 16 15 8 12 14 12 18 15 17 13 17 23 22 20 23 11 11 22 14 16 16 7 28 9 24 25 19 20 16 8 8 5 19 21 21 18 13 10 7 1 1 1 0 0 0 0 0 0 0 0 0 0 0 0 0 0 0 0 0 0 0 0 0 0 0 0 0 0 0 0 0 0 2 9 11 8 0 9 10 10 9 8 11 8 4 9 17 16
5 8 7 16 17 20 21 9 2 2 3 9 20 6 2 4 3 17 22 24 18 11 8 15 15 29 13 22 19 11 15 14 12 10 4 5 11 10 4 0 0 0 1 0 1 0 0 0 0 0 0 0 0 0 0 0 0 0 0 0 0 0 0 0 0 0 0 0 0 0 0 0 1 1 4 6 9 9 14 11 8 9 10 12 9 18 20 18 15 15 20
5 4 13 20 14 9 11 7 7 1 3 4 17 11 11 10 13 4 16 18 9 14 25 21 14 25 19 19 18 8 1 5 6 4 1 1 0 0 0 0 0 1 0 1 1 0 0 0 0 0 1 0 0 0 0 0 0 0 0 0 0 0 0 0 0 0 0 0 0 0 0 1 1 2 8 9 4 11 8 16 9 9 9 8 10 6 5 7 8 8 5
13 11 10 13 13 14 16 9 13 12 15 17 17 12 14 17 16 12 7 3 17 10 29 20 6 16 21 21 15 5 4 8 1 6 6 9 7 3 0 0 0 0 1 0 0 0 0 0 0 0 0 0 0 0 0 0 0 0 0 0 0 0 0 0 0 0 0 0 0 0 0 1 3 2 6 6 1 10 7 8 6 8 11 6 5 11 19 21 20 19 17
20 17 11 5 8 11 13 8 11 10 10 12 9 7 4 4 10 6 1 7 10 21 21 8 1 5 8 6 2 1 1 6 5 3 15 15 13 5 2 0 0 0 0 0 0 0 0 0 0 0 1 0 0 0 0 0 0 0 0 0 0 0 0 0 0 0 0 0 0 0 0 0 4 2 2 8 9 10 10 6 13 11 10 3 4 2 14 11 8 11 11
16 16 10 0 5 9 12 10 11 13 2 4 2 5 6 10 16 13 11 5 6 15 4 5 10 7 6 5 3 5 5 1 5 9 10 4 15 7 2 0 0 0 0 0 0 0 0 0 0 0 0 0 0 0 0 0 0 0 0 0 0 0 0 0 0 0 0 0 0 0 0 0 2 5 2 1 10 13 10 3 4 5 6 9 7 7 11 17 10 7 1
10 18 19 9 4 5 16 11 12 15 5 3 0 1 0 4 9 11 8 8 6 12 0 10 10 11 6 6 9 10 8 8 9 7 9 14 15 7 2 2 2 2 0 0 0 0 0 0 0 0 0 0 0 0 0 0 0 0 0 0 0 0 0 0 0 0 0 0 0 0 0 0 0 4 3 5 5 13 18 14 11 11 5 5 6 11 2 11 13 9 5
7 14 23 21 15 8 9 13 9 13 7 8 9 10 12 10 5 8 13 16 11 8 4 10 1 6 2 2 6 5 8 10 9 5 9 12 10 3 3 6 3 3 0 0 0 0 0 0 0 0 0 0 0 0 0 0 0 0 0 0 0 0 0 0 0 0 0 0 0 0 0 0 0 4 6 10 13 6 8 14 7 1 1 0 2 7 7 4 8 11 7
13 5 16 23 20 12 5 9 10 4 8 7 4 0 3 7 9 8 11 10 5 7 13 7 6 5 2 5 6 1 10 8 4 6 6 1 4 6 5 1 4 3 0 0 0 0 0 0 0 0 0 0 0 0 0 0 0 0 0 0 1 2 1 0 0 0 0 0 0 0 0 0 1 2 9 10 7 14 12 7 11 8 7 3 1 5 5 4 5 16 18
15 11 5 11 18 12 12 7 9 10 9 6 4 8 11 4 3 11 17 17 25 27 22 16 16 2 9 7 0 8 10 5 1 2 7 12 13 10 6 4 3 2 1 0 0 0 0 0 0 0 0 0 0 0 0 0 0 0 0 0 2 1 3 0 0 0 0 0 0 0 0 1 0 0 9 11 10 4 10 7 10 3 5 4 0 1 3 7 7 0 8
14 14 13 7 10 12 15 9 1 6 10 9 8 6 5 15 14 11 16 13 9 3 2 12 20 0 10 4 13 12 8 2 3 3 6 5 2 5 9 5 2 2 0 0 0 0 0 0 0 0 0 0 0 0 0 0 0 0 0 0 2 2 2 1 0 0 0 0 0 0 0 0 1 1 5 9 13 13 8 8 11 9 0 5 3 1 1 3 6 10 10
13 15 12 15 14 10 14 7 5 4 2 4 12 13 13 13 4 4 7 7 19 29 30 24 19 8 14 14 13 4 0 3 1 5 8 10 13 12 7 3 0 0 0 0 0 0 0 0 0 0 0 0 0 0 0 0 0 0 0 0 0 1 1 0 2 1 0 0 0 0 0 0 0 1 5 7 3 12 13 10 9 12 5 4 5 5 4 3 1 3 4
