test_domain_2/input/morph/slope.asc
ncols	240
nrows	240
xllcorner	4597369
yllcorner	2495847
cellsize	500
NODATA_value	-9999
[rows 120 to 159 of 240, columns 91 to 181 of 240]
13 18 19 12 5 7 15 5 3 4 1 10 14 14 21 26 24 28 28 26 26 19 17 16 12 7 9 9 5 0 2 1 4 3 5 7 5 2 0 0 0 0 0 0 0 0 0 0 0 0 0 0 0 0 0 0 0 0 0 0 0 0 0 2 2 3 0 1 4 5 3 0 0 5 17 15 13 0 5 4 5 17 2 5 2 4 7 6 5 8 10
3 9 8 12 14 11 20 6 7 7 8 12 10 2 5 14 23 26 23 19 13 4 1 2 2 0 0 0 1 1 1 2 0 1 1 1 0 0 0 0 0 0 0 0 0 0 0 0 0 0 0 0 0 0 0 0 0 0 0 0 0 0 0 2 2 2 0 6 12 13 12 4 1 10 17 2 16 4 15 12 4 17 3 11 13 7 5 7 4 5 4
13 13 9 8 18 9 24 15 14 12 7 8 7 2 5 6 5 5 2 3 2 0 0 0 0 0 1 5 5 3 1 0 1 0 1 0 0 0 0 0 0 0 0 0 0 0 0 0 0 0 0 0 0 0 0 0 0 0 0 0 0 0 0 0 2 2 1 8 9 1 9 7 3 9 14 5 11 2 11 6 5 14 2 14 10 12 12 9 8 12 6
8 9 8 5 10 9 27 18 11 10 7 8 5 3 2 6 7 6 4 1 0 0 0 0 0 0 2 4 2 4 1 0 1 2 1 0 0 0 0 0 0 0 0 0 0 0 0 0 0 0 0 0 0 0 0 0 0 0 0 0 0 0 0 0 0 0 3 5 10 11 9 0 5 2 12 7 5 8 1 4 2 10 2 14 4 7 3 3 12 15 7
5 8 10 9 2 4 21 17 13 7 14 7 4 5 2 5 4 4 5 4 2 1 0 0 0 0 1 5 5 2 0 0 0 0 0 0 0 0 0 0 0 0 0 0 0 0 0 0 0 0 0 0 0 0 0 0 0 0 0 0 0 0 0 0 0 0 2 2 4 4 2 5 0 5 8 10 1 7 4 2 4 8 9 13 4 6 0 5 9 -9999 -9999
9 12 4 13 4 1 13 15 20 13 5 11 11 9 6 1 2 3 5 7 6 4 0 0 0 0 0 0 0 0 0 0 0 0 0 0 0 0 0 0 0 0 0 0 0 0 0 0 0 0 0 0 0 0 0 0 0 0 0 0 0 0 0 0 0 0 1 1 1 3 0 2 5 1 6 6 6 7 2 1 4 9 13 8 6 6 3 2 -9999 -9999 -9999
10 13 17 12 5 2 6 13 17 16 11 1 10 13 9 6 7 7 3 1 6 4 0 0 0 0 0 0 0 0 0 0 0 0 0 0 0 0 0 0 0 0 0 0 0 0 0 0 0 0 0 0 0 0 0 0 0 0 0 0 0 0 0 0 0 0 0 0 0 3 2 2 4 6 3 3 7 7 6 4 5 5 4 2 4 5 7 -9999 -9999 -9999 -9999
12 12 8 3 4 6 4 9 17 15 14 13 4 2 6 8 7 6 7 8 7 2 0 0 0 0 0 0 0 0 0 0 0 0 0 0 0 0 0 0 0 0 0 0 0 0 0 0 0 0 0 0 0 0 0 0 0 0 0 0 0 0 0 0 0 0 0 0 0 1 1 1 2 7 7 8 6 3 5 8 6 3 2 2 0 4 6 5 -9999 -9999 -9999
4 3 1 1 3 4 3 3 13 14 11 17 12 5 4 2 0 1 3 3 1 0 0 0 0 0 0 0 0 0 0 0 0 0 0 0 0 0 0 0 0 0 0 0 0 0 0 0 0 0 0 0 0 0 0 0 0 0 0 0 0 0 0 0 0 0 0 0 0 0 0 0 0 4 5 4 2 2 3 3 3 1 3 3 3 3 2 -9999 -9999 -9999 -9999
7 4 2 3 4 5 6 7 11 15 6 16 21 15 7 2 2 1 1 1 0 0 0 0 0 0 0 0 0 0 0 0 0 0 0 0 0 0 0 0 0 0 0 0 0 0 0 0 0 0 0 0 0 0 0 0 0 0 0 0 0 0 0 0 0 0 0 0 0 0 0 0 0 0 2 0 1 2 1 0 1 1 1 3 4 5 1 -9999 -9999 -9999 -9999
2 2 1 2 3 3 4 3 9 13 5 8 16 21 20 23 21 14 7 3 0 0 0 0 0 0 0 0 0 0 0 0 0 0 0 0 0 0 0 0 0 0 0 0 0 0 1 2 2 0 0 0 0 0 0 0 0 0 0 0 0 0 0 0 0 0 0 0 0 0 0 0 0 0 1 1 1 0 0 0 2 1 2 0 4 5 -9999 -9999 -9999 -9999 -9999
2 2 2 0 1 2 5 8 11 8 1 3 6 18 26 23 17 12 7 4 0 0 0 0 0 0 0 0 0 0 0 0 0 0 0 0 0 0 0 0 0 2 3 2 0 0 2 4 5 4 0 0 0 0 0 0 0 0 0 0 0 0 0 0 0 0 0 0 0 0 0 0 0 0 0 0 0 0 0 0 1 2 1 0 4 4 2 -9999 -9999 -9999 -9999
4 1 4 4 4 3 3 4 8 6 3 4 6 2 3 9 20 17 9 2 0 0 0 0 0 0 0 0 0 0 0 0 0 0 0 0 0 0 0 0 0 5 3 5 2 5 9 10 11 14 8 1 0 0 0 0 0 0 0 0 0 0 0 0 0 0 0 0 0 0 0 0 0 0 0 0 0 0 0 0 0 0 1 0 5 4 2 3 6 5 -9999
4 5 5 7 7 4 1 3 7 1 2 2 7 8 13 14 21 15 3 0 0 0 0 0 0 0 0 0 0 0 0 0 0 0 0 0 0 0 0 0 0 5 2 6 8 13 14 15 15 18 20 9 0 0 0 0 0 0 0 0 0 0 0 0 0 0 0 0 0 0 0 0 0 0 0 0 0 0 0 0 0 0 0 0 4 5 0 4 5 1 10
8 4 4 6 3 2 6 8 8 4 3 1 5 13 19 20 17 11 2 0 0 0 0 0 0 0 0 0 0 0 0 0 0 0 0 0 0 0 0 0 0 3 6 6 16 19 12 10 9 10 20 19 3 0 0 0 0 0 0 0 0 0 0 0 0 1 1 0 0 0 1 0 0 0 0 0 0 0 0 0 0 0 0 0 3 6 5 5 1 6 13
10 8 3 5 8 6 6 8 5 8 4 7 14 18 16 11 7 6 2 0 0 0 0 0 3 6 5 2 0 0 0 0 0 0 0 0 1 2 2 1 0 0 7 10 14 9 5 8 8 7 17 23 7 0 0 0 0 0 0 0 0 0 0 0 0 2 2 2 1 2 2 2 0 0 0 0 0 0 0 0 0 0 0 0 1 3 4 3 2 7 17
1 4 4 8 8 8 3 4 1 8 7 12 11 7 6 3 0 2 4 4 1 0 0 0 9 14 16 10 1 0 0 0 0 0 0 0 4 7 11 14 13 10 8 6 18 15 8 10 14 12 21 24 10 0 0 0 2 5 5 4 2 0 0 0 0 5 5 7 5 1 2 2 2 0 0 0 0 0 0 0 0 0 0 0 0 0 0 0 1 5 17
6 8 3 5 6 3 6 5 1 5 8 7 4 12 12 7 10 11 8 6 2 2 2 4 13 11 10 15 5 0 0 0 0 0 1 4 8 9 13 16 17 17 19 15 5 10 11 20 18 16 30 28 10 0 3 5 3 4 6 8 6 2 1 0 0 7 6 5 5 4 2 2 3 0 0 0 0 0 0 0 0 0 0 0 0 0 0 0 0 4 12
7 5 5 8 2 4 6 4 1 3 5 4 6 3 11 7 12 13 11 8 2 9 11 11 14 8 6 15 10 1 0 0 0 0 4 10 15 15 11 4 6 6 6 13 7 9 16 28 23 17 39 38 15 14 15 13 9 3 9 9 11 6 2 3 2 8 7 1 6 6 1 2 1 0 2 3 2 0 3 6 6 2 0 0 0 2 3 2 0 2 6
7 5 1 8 7 6 3 1 5 3 4 3 7 7 6 4 9 7 12 12 9 17 18 16 13 8 7 13 15 6 0 0 0 0 6 14 17 19 17 11 6 2 3 7 10 15 27 26 20 14 37 51 31 25 19 11 11 3 14 7 13 10 1 1 3 5 9 3 7 8 1 0 0 0 6 5 6 0 4 5 5 4 0 0 1 6 6 6 1 0 3
4 3 6 3 5 12 5 2 6 4 1 1 2 4 4 6 7 5 10 8 14 23 24 25 15 6 7 10 18 15 4 0 0 0 9 16 17 14 7 12 10 9 14 15 15 18 26 19 18 14 19 45 24 10 14 21 7 11 15 5 14 15 2 2 5 0 8 9 5 9 2 0 0 0 7 2 6 2 4 5 2 5 2 0 4 9 4 9 3 0 0
1 3 6 5 1 11 9 0 3 3 3 3 0 0 0 6 8 6 7 4 12 20 15 13 11 5 5 10 18 24 13 0 0 0 16 22 11 11 9 8 6 8 13 14 14 12 22 21 14 10 10 36 22 3 21 24 9 19 10 2 9 16 9 10 10 7 3 10 3 11 6 2 1 0 4 4 4 3 4 4 1 4 4 0 4 10 1 9 8 6 3
4 1 0 4 4 9 9 2 1 1 2 4 0 0 0 4 4 6 0 10 10 12 14 9 10 4 3 8 11 25 23 9 1 0 21 25 6 3 11 12 5 13 11 9 14 13 22 23 11 3 14 24 17 12 24 13 23 18 5 1 4 13 13 9 10 9 3 10 11 11 10 6 6 2 3 4 3 7 10 7 4 4 4 0 2 9 8 1 6 10 10
4 0 2 2 6 5 9 4 2 1 1 4 2 0 2 5 1 4 7 14 10 3 6 5 6 4 5 7 5 19 26 24 12 2 17 29 13 13 9 6 10 18 12 9 13 14 20 19 7 7 17 15 12 25 26 6 27 13 13 1 6 13 16 11 10 9 7 7 16 2 11 9 10 7 9 7 7 8 8 7 10 13 7 3 2 3 8 9 6 3 12
8 2 3 4 8 6 6 8 2 1 2 2 2 0 4 4 2 3 9 15 7 8 9 2 4 3 4 10 7 13 20 28 23 8 4 22 24 18 11 16 19 20 13 9 8 8 11 16 7 12 17 11 19 30 12 20 21 0 14 8 8 7 9 14 9 11 12 4 13 8 6 7 10 9 9 6 2 0 1 7 14 22 17 9 7 0 2 6 10 11 1
8 7 2 4 4 5 8 8 1 2 3 3 2 0 4 3 2 2 8 13 11 10 10 8 5 4 3 11 8 5 10 25 29 16 7 5 14 13 12 26 30 22 12 10 6 11 9 10 8 10 20 14 24 21 17 27 11 6 15 23 12 3 5 13 12 14 18 15 7 13 3 7 11 12 9 5 1 0 0 12 15 14 16 16 15 2 0 1 4 9 11
3 8 7 5 10 7 6 5 3 3 1 1 0 0 3 4 0 2 7 9 15 12 5 9 8 9 9 11 6 2 0 14 27 24 15 2 3 4 4 22 37 27 4 11 4 13 11 7 9 2 20 17 27 21 23 22 18 18 28 32 28 6 2 9 12 10 13 16 2 12 13 12 12 9 9 10 1 0 0 12 14 6 6 15 21 8 3 0 1 6 12
0 2 9 12 7 6 10 4 2 1 2 3 3 1 1 4 1 1 5 7 16 13 3 5 3 7 10 10 4 1 2 3 18 27 20 8 2 0 4 30 40 20 3 10 8 15 5 1 3 8 13 14 23 26 24 27 13 22 26 19 33 16 5 6 10 10 15 15 8 7 22 6 9 3 8 11 1 1 0 7 11 4 3 9 18 14 12 8 3 7 7
0 1 4 10 12 5 7 9 3 0 3 2 5 4 2 2 1 3 6 7 13 11 8 6 4 4 6 5 1 1 1 0 10 24 22 10 2 0 6 33 41 16 9 9 2 11 16 18 17 17 14 11 23 28 24 34 10 16 9 9 25 24 10 7 9 13 14 14 14 4 18 19 12 6 7 11 1 0 1 5 9 5 3 3 10 11 11 10 5 4 3
1 1 0 0 4 9 6 6 4 1 3 5 5 8 6 2 1 2 5 10 11 7 10 11 9 7 7 6 3 1 2 0 7 20 25 12 2 2 5 30 44 22 8 15 6 1 5 10 12 14 17 20 22 22 24 33 14 13 1 4 13 24 14 4 1 15 11 6 12 11 5 13 8 7 5 8 5 1 3 6 6 4 2 3 2 6 9 7 5 6 4
2 2 0 1 0 3 4 3 2 4 4 6 5 7 10 8 4 2 2 9 13 12 13 13 10 9 8 4 2 3 2 2 5 14 25 21 17 11 4 26 41 27 5 13 11 2 4 5 6 7 14 18 17 13 16 31 29 20 2 5 6 18 18 3 7 15 11 3 5 12 9 7 12 3 1 6 11 6 5 5 3 5 5 5 4 4 10 5 6 4 5
8 9 7 4 3 2 0 0 4 6 6 2 6 4 5 7 4 4 1 2 6 7 6 3 5 10 11 6 1 2 4 2 2 9 19 25 28 24 5 24 36 26 12 8 10 0 3 4 4 7 15 14 5 10 6 16 33 30 6 9 6 11 18 10 4 11 10 6 11 10 8 7 11 0 4 6 9 11 1 6 4 2 4 6 6 2 7 4 2 2 3
17 18 18 17 15 9 3 1 5 5 2 2 5 4 5 5 1 2 1 2 1 1 0 1 3 9 12 10 2 6 3 6 4 2 8 11 21 30 11 25 34 20 7 5 8 2 5 8 9 6 6 14 13 12 13 1 29 32 11 13 9 8 12 13 7 8 13 12 7 2 5 8 9 3 5 9 4 11 3 3 6 5 6 4 5 6 6 4 2 0 4
16 15 15 19 22 23 16 9 0 7 6 1 2 7 8 5 3 2 1 2 2 1 0 0 2 8 12 13 8 7 9 7 9 8 16 16 20 27 24 37 33 13 0 1 5 5 6 9 1 1 1 4 8 6 11 6 19 28 19 21 14 7 7 9 9 5 11 14 11 12 10 7 7 4 1 6 6 9 4 0 3 5 5 1 1 3 3 1 1 2 7
6 7 8 11 18 26 24 21 14 2 4 5 2 4 5 4 3 2 3 3 0 1 0 0 0 4 11 13 13 12 12 5 12 15 18 16 22 17 18 26 15 5 3 1 1 7 8 5 9 9 5 1 2 6 9 5 13 15 11 10 9 10 12 13 15 14 10 4 8 7 8 5 6 4 4 3 3 4 2 0 1 4 5 3 1 0 0 0 0 0 10
3 4 9 9 5 13 16 21 25 20 9 3 3 3 1 0 1 1 1 4 4 1 2 0 0 1 4 8 10 9 6 8 14 17 19 8 24 13 7 11 9 8 1 2 4 9 8 5 10 9 10 5 3 6 7 0 15 11 7 5 2 6 14 14 13 12 7 8 4 10 12 9 2 5 5 1 1 2 5 5 3 8 11 11 5 0 0 0 0 0 11
-9999 -9999 -9999 4 2 5 5 8 15 22 20 8 2 3 1 0 0 0 0 2 5 2 3 2 1 0 1 4 5 2 0 10 15 16 16 3 18 16 2 7 8 9 6 4 8 7 4 9 5 4 10 12 11 8 6 2 16 11 9 12 10 12 12 5 9 10 6 12 8 3 8 7 6 6 2 0 1 3 6 8 5 10 7 13 9 0 0 0 0 0 9
-9999 -9999 -9999 8 5 2 3 3 7 16 22 20 12 7 3 0 0 0 0 0 5 5 0 2 3 2 1 1 2 2 2 8 13 18 18 13 8 13 6 7 4 4 10 5 8 10 9 5 1 0 1 5 13 12 8 4 12 15 7 6 8 14 18 9 12 7 3 4 15 12 17 11 6 2 0 1 0 4 5 2 5 8 5 13 10 0 0 0 0 0 5
-9999 -9999 -9999 7 6 7 8 7 9 14 16 20 22 19 14 4 0 0 0 0 3 5 4 3 3 4 4 4 4 1 2 6 10 15 15 10 5 6 14 16 8 2 6 8 12 8 6 6 6 6 6 3 7 13 13 9 3 16 15 2 4 11 18 13 12 9 10 6 8 12 9 0 3 4 4 3 1 1 7 3 4 8 5 11 11 2 0 0 0 0 2
-9999 -9999 -9999 -9999 6 6 8 7 7 12 11 13 17 21 25 21 8 0 0 0 1 3 6 7 3 4 5 7 7 4 0 2 6 11 12 9 5 4 11 9 13 2 2 5 10 11 12 14 14 11 5 4 0 5 10 9 0 12 20 5 2 9 15 12 18 15 12 14 7 3 1 5 6 7 7 6 4 1 5 7 9 15 15 19 20 13 3 0 0 0 1
