test_basin_2/input/morph/facc.asc
ncols	240
nrows	240
xllcorner	4597369
yllcorner	2495847
cellsize	500
NODATA_value	-9999
[rows 120 to 159 of 240, columns 91 to 181 of 240]
3 0 0 1 3 0 3 0 0 26 0 0 3 0 8 1 0 3 0 3 1 1 0 0 3 1 0 0 0 106 2 0 0 0 5 0 2 0 0 1 1 0 0 0 2 0 0 0 0 0 1 0 0 0 0 6719 2 1 0 0 0 1 4 0 0 0 0 0 1 1 8 0 21 0 0 1 0 22 0 0 10 1 0 0 0 0 0 0 0 0 0
20 15 13 5 0 0 1 7 0 29 0 0 1 7 11 1 0 0 4 0 4 4 0 2 0 6 72 75 78 3 0 0 0 0 6 0 4 0 1 0 5 0 12 0 1 0 0 0 0 0 0 0 0 0 0 6715 0 0 1 0 3 8 0 1 0 0 0 1 0 0 7 0 0 18 0 0 0 19 0 0 6 0 0 3 0 0 0 0 0 0 0
9 2 0 3 0 0 1 8 0 0 32 0 0 8 12 0 4 6 12 14 5 5 1 0 4 63 0 0 0 0 0 0 0 2 1 8 14 5 3 0 0 9 0 14 0 2 2 1 1 1 1 0 3 0 0 5027 1684 0 3 4 11 0 1 0 0 0 6 0 0 0 5 0 0 15 0 0 0 16 0 0 0 2 0 0 8 0 1 10 8 3 2
3 0 0 1 0 0 1 7 18 0 0 33 36 23 0 0 1 5 6 7 27 42 46 50 55 0 0 0 0 1 0 2 0 0 5 6 22 6 1 0 0 0 0 1 15 20 0 3 2 4 0 3 0 6 0 5025 1 1679 5 13 0 0 0 0 1 0 9 0 0 0 2 0 0 12 2 0 0 1 10 0 0 0 0 1 9 0 14 0 1 0 0
0 0 4 3 0 0 2 0 1 22 0 1 61 0 0 0 2 0 2 3 0 0 0 1 1 0 0 2 0 0 2 0 3 7 9 10 13 44 2 1 0 0 0 3 0 0 23 0 4 8 1 4 0 0 5022 1 0 1 1666 0 2 1 0 0 3 0 16 1 1 0 0 0 0 2 4 0 0 0 7 1 0 0 0 0 14 0 0 16 0 -9999 -9999
0 6 0 0 0 0 0 1 0 0 23 90 0 1 1 0 0 0 0 2 0 0 0 0 0 0 0 4 0 0 1 3 1 0 0 0 0 1 50 2 0 2 0 5 1 0 0 26 0 14 4546 4553 4555 5008 4 2 0 0 2 1647 3 2 0 0 6 17 0 3 0 0 0 4 0 0 1 0 0 0 0 1 1 0 0 17 23 0 19 0 -9999 -9999 -9999
7 0 3 2 1 0 0 1 4 6 8 53 148 0 3 0 0 0 0 0 6 0 0 0 0 1 4 5 1 1 2 7 0 0 1 0 0 0 0 56 0 3 0 1 8 0 1 0 28 4528 0 0 0 450 0 0 1 0 0 1639 0 0 0 1 7 19 0 0 1 0 0 6 0 1 0 0 0 1 0 0 2 0 21 26 0 21 0 -9999 -9999 -9999 -9999
17 7 0 0 0 0 0 0 33 35 42 0 16 168 174 177 3 0 0 0 1 10 1 1 1 0 6 0 8 5 0 8 0 0 0 6 0 0 0 57 0 5 0 1 12 0 0 4 4496 0 0 0 436 10 3 2 0 0 0 1637 2 0 0 3 0 31 1 2 1 0 1 7 2 0 0 0 1 0 2 1 4 0 58 0 0 0 0 0 -9999 -9999 -9999
16 0 8 10 21 26 27 31 0 4 0 0 14 1 0 0 183 0 1 0 0 0 11 4 2 0 0 18 0 6 10 0 1 1 0 9 0 1 1 0 59 6 0 0 2 14 0 4486 1 2 0 1 434 0 5 0 0 0 1 1632 1 0 0 1 7 1328 1294 8 5 4 2 11 0 2 0 1 2 1 0 3 11 62 0 7 6 5 3 -9999 -9999 -9999 -9999
15 0 4 8 1 2 0 0 2 0 0 1 11 0 0 4 13 199 210 213 216 221 236 244 249 253 0 0 19 7 12 0 0 2 2 16 5 2 0 0 1 69 4430 4433 4439 4470 4473 9 0 0 1 0 430 0 0 2 0 1 2 1627 0 0 1 0 1338 0 0 1281 1279 1 0 12 5 0 4 0 3 0 3 0 76 0 0 1 0 0 0 -9999 -9999 -9999 -9999
13 0 1 0 0 0 0 0 0 0 2 9 0 0 2 2 4 0 7 0 0 2 1 1 0 2 257 259 3828 3838 3854 0 0 5 9 28 0 0 0 2 0 4358 0 0 1 14 0 1 5 0 0 0 427 0 0 0 2 3 4 11 1610 0 1359 1356 15 9 1 0 0 1276 0 27 7 6 5 0 4 0 1 7 83 4 3 0 2 0 -9999 -9999 -9999 -9999 -9999
8 1 0 0 0 0 0 0 0 0 0 3 0 0 1 2 0 4 0 0 0 0 0 0 0 0 0 3547 0 0 3 3859 0 0 3876 3877 3908 0 1 5 4351 4 0 0 4 2 5 0 2 0 0 1 424 0 0 0 0 1 4 0 4 1603 1 0 2 1 6 4 2 0 1274 1244 10 9 8 7 0 1 0 94 0 0 6 5 1 0 0 -9999 -9999 -9999 -9999
0 0 0 0 1 0 2 1 0 1 0 0 0 0 1 0 3 0 0 0 0 0 0 0 0 0 3543 0 0 0 1 7 3871 3873 0 0 1 4207 4209 4343 0 0 1 3 0 1 1 2 1 0 4 7 12 407 1 0 0 0 1 2 0 239 0 0 0 0 0 0 0 0 0 0 1232 6 5 4 3 2 0 105 9 8 0 0 0 0 3 0 0 0 -9999
0 1 4 1 3 3 0 0 2 7 0 0 0 0 0 1 0 1 3 1 2 1 0 2 0 3533 7 2 0 0 1 4 1 0 0 0 294 0 0 131 0 0 0 0 0 0 0 1 0 2 1 2 0 403 2 1 0 0 1 2 5 11 225 0 0 0 0 2 0 0 1 6 41 1174 116 115 114 113 112 4 3 2 1 1 1 0 0 4 0 1 1
0 0 0 7 10 0 1 0 1 11 0 2 0 0 0 0 0 0 1 3409 3415 3419 3421 3425 3520 9 0 3 0 0 2 0 0 0 2 290 1 0 0 4 124 0 0 4 3 2 1 0 1 0 1 0 1 399 0 0 0 0 1 1 2 1 6 215 0 2 6 0 0 0 0 3 40 3 1052 5 4 3 2 1 0 0 2 2 1 0 0 0 13 6 0
6 1 0 0 10 14 0 0 1 15 0 3 0 3 4 6 8 3388 3396 3 1 0 0 92 0 5 1 0 1 0 0 0 1 0 282 0 1 0 0 1 8 112 7 0 2 1 0 0 0 0 1 4 8 17 377 1 0 0 0 1 0 1 3 5 206 7 0 1 0 1 0 0 39 2 6 1038 1036 12 11 10 9 8 3 2 1 0 0 82 0 0 5
25 2 0 0 0 16 17 0 0 17 4 0 0 1 2 6 3377 0 5 2 0 1 54 34 32 0 3 0 0 0 1 0 1 271 8 4 1 0 0 5 1 0 102 4 0 3 2 1 0 0 1 2 6 0 8 364 0 2 0 0 0 2 1 2 6 187 0 0 2 0 0 1 38 1 5 0 0 1021 8 7 6 5 4 0 0 89 85 0 63 7 0
29 0 0 1 3 0 36 1 0 23 0 1 0 1 2 3367 1 3 0 1 0 5 51 3 0 31 0 1 0 1 2 5 0 265 0 2 1 0 0 3 0 3 7 84 17 12 5 2 0 0 1 4 0 3 3 4 356 4 3 1 1 0 1 4 0 184 7 6 0 3 7 11 25 0 4 1 0 7 1003 4 3 2 1 0 91 0 0 0 54 1 0
32 0 0 0 0 0 1 57 84 0 0 3 0 1 3366 0 0 2 0 0 4 34 0 4 2 0 29 0 0 1 2 3 257 5 3 0 1 0 0 1 2 6 0 0 63 0 5 1 0 0 2 0 2 2 2 0 347 0 0 0 0 0 3 2 3 175 0 0 0 2 1 0 24 5 1 0 0 5 2 994 98 97 96 95 94 0 0 0 50 0 0
0 0 0 0 0 8 14 0 3 90 0 4 0 3360 0 0 0 0 0 2 0 33 0 3 0 0 28 0 2 5 6 7 245 0 0 1 0 0 0 1 2 0 1 11 45 3 0 4 0 0 0 1 1 0 0 0 345 0 0 0 0 2 1 2 6 10 158 0 0 0 0 3 13 0 3 0 0 3 1 15 878 6 5 4 3 2 0 0 0 46 3
0 0 0 3 5 3 0 1 0 12 105 106 3359 0 0 1 0 0 0 0 27 1 0 1 0 26 0 0 1 0 1 2 235 0 0 0 0 0 0 0 0 0 1 8 43 0 1 0 3 0 0 0 0 1 2 0 342 4 3 1 0 0 1 2 1 0 155 0 0 0 1 0 12 0 0 1 0 1 0 14 0 869 867 4 3 2 1 0 0 4 36
0 1 0 0 1 0 0 0 6 11 1 385 8 2849 2 0 0 0 2 7 17 1 0 0 22 0 1 0 1 3 9 12 19 210 7 5 3 1 0 0 0 0 4 0 1 42 4 0 0 0 0 0 1 2 3 309 26 10 8 1 0 0 1 0 7 9 13 139 0 0 0 0 0 9 0 0 0 1 6 13 0 0 0 860 5 4 3 0 1 0 3
2 1 0 0 0 0 1 4 2 0 0 382 7 8 2835 1 1 0 3 1 11 0 0 0 0 19 0 0 0 4 1 2 2 200 1 0 0 0 0 0 2 0 3 0 0 35 0 2 0 0 0 1 0 0 0 300 0 14 0 5 0 0 1 6 0 1 0 136 0 6 4 1 0 7 0 0 0 3 2 0 0 0 1 43 809 1 0 0 0 0 1
2 1 2 0 0 0 1 0 0 0 0 381 6 7 2800 31 3 0 1 0 0 10 1 0 0 18 0 0 3 0 1 1 1 197 0 1 1 0 1 4 7 0 0 0 0 31 1 0 0 0 1 3 2 2 0 297 0 0 12 2 0 0 2 0 0 0 1 134 7 12 11 10 6 1 5 1 0 0 0 0 0 27 38 1 0 805 1 0 0 0 0
0 6 0 0 1 0 0 1 0 1 0 379 5 6 2799 26 1 0 2 1 0 1 5 0 0 15 0 0 0 0 0 0 8 14 178 2 1 0 7 9 0 4 0 0 20 0 8 0 0 0 3 5 11 16 284 10 8 7 2 8 1 0 0 0 1 12 15 22 100 0 0 2 3 0 0 0 0 0 0 23 25 8 0 0 1 802 4 2 0 0 0
180 0 0 1 3 0 0 2 2 3 0 377 4 5 2798 23 0 12 2 1 0 0 0 2 0 0 10 1 0 0 5 7 3 0 12 159 0 1 22 3 0 1 0 0 18 0 2 3 0 0 0 0 0 0 262 0 0 0 5 1 7 0 0 1 9 1 3 1 85 8 6 0 1 2 0 0 4 6 21 0 3 0 2 0 1 1 790 0 0 4 1
3 187 0 2 6 0 0 0 4 9 373 2 3 4 2797 1 19 0 5 4 0 0 0 0 0 3 3 1 0 3 0 2 0 8 2 10 144 27 1 0 1 0 0 0 15 0 0 0 0 0 0 0 0 0 259 0 0 0 0 2 0 6 0 6 0 2 0 7 75 0 0 4 2 0 0 0 1 13 6 0 0 0 1 0 0 3 788 0 9 2 1
0 2 195 0 7 0 0 0 0 0 357 1 2 3 2796 0 4 2 1 0 2 0 0 0 0 0 0 0 0 0 1 0 6 1 3 5 0 114 4 3 2 1 0 0 12 0 0 0 0 0 1 3 6 9 256 6 1 0 0 0 0 5 3 0 0 0 6 2 5 59 0 0 0 1 0 0 0 5 0 5 0 0 0 0 2 1 1 779 766 1 0
0 0 43 243 253 257 0 0 2 0 355 0 1 2 2795 0 0 0 0 1 0 1 1 0 0 0 0 0 0 0 1 4 0 2 3 0 1 108 8 6 4 2 0 0 9 0 2 0 0 2 0 0 0 0 238 0 2 1 0 0 1 1 2 0 1 5 1 0 0 13 42 0 0 0 0 0 0 0 0 3 2 0 0 0 0 0 0 0 735 27 0
3 40 1 2 0 2 262 0 0 351 2 0 0 1 5 2787 193 191 4 0 2 2 0 2 1 0 3 0 1 0 0 0 1 1 0 0 0 96 0 0 0 0 0 0 1 4 4 0 0 1 4 0 0 0 235 2 1 0 0 0 0 0 1 0 2 0 0 0 7 4 39 8 7 4 2 0 0 1 0 3 1 0 1 0 1 0 0 1 732 0 24
31 3 0 1 0 0 28 293 296 49 0 0 0 1 2 2592 0 0 183 7 3 0 4 0 2 5 0 2 0 0 0 0 0 0 1 2 17 93 3 2 1 0 0 0 3 0 0 7 9 0 2 5 1 84 146 0 0 1 1 0 0 0 2 0 0 0 1 5 3 0 18 9 4 3 2 0 0 3 0 7 1 0 2 0 0 3 0 1 731 0 5
9 0 1 0 0 18 8 0 0 38 8 0 0 1 1 2 2586 1 0 171 7 5 0 1 9 1 3 1 1 0 1 0 0 1 2 13 1 70 5 4 3 2 0 0 1 0 2 3 0 11 13 74 79 1 1 142 2 2 1 1 0 0 0 6 0 0 1 1 0 4 1 10 3 2 0 0 1 0 4 13 0 0 3 0 2 0 4 5 728 0 0
8 0 0 0 14 1 7 0 1 35 2 3 0 0 1 2584 0 0 0 0 160 1 0 2 12 4 2 2 1 0 2 1 0 0 9 0 5 43 11 7 6 1 0 0 1 0 0 0 5 0 0 50 1 0 0 137 3 2 0 5 1 0 0 0 9 0 0 0 3 0 0 5 3 0 0 0 0 3 1 0 15 1 5 0 3 0 1 417 309 0 0
5 0 1 11 0 0 6 0 1 32 1 1 0 0 0 2581 0 1 0 0 4 152 148 145 22 3 3 3 0 1 5 0 0 6 0 3 0 41 0 2 0 3 0 0 0 4 7 10 13 20 46 2 0 0 0 3 128 13 10 1 0 0 0 1 0 12 0 0 0 0 2 0 0 0 0 0 0 0 7 0 16 361 369 376 0 1 0 408 307 0 2
4 0 2 0 4 0 4 0 1 31 0 0 0 1 47 1 2530 0 0 0 1 2 0 0 117 10 5 0 0 8 0 1 2 0 1 0 2 1 35 1 0 0 0 1 0 0 0 0 0 0 22 0 0 0 1 0 110 0 0 1 0 0 1 0 3 0 14 0 0 0 0 3 0 0 1 0 1 2 311 321 341 0 0 3 383 0 404 2 305 18 14
0 0 0 2 0 0 2 0 3 28 1 3 5 8 37 0 13 2512 1 0 0 0 0 1 0 102 0 1 9 0 4 0 0 0 0 1 0 1 26 3 0 0 0 1 2 0 0 0 0 1 16 0 0 1 2 107 6 2 1 0 0 0 1 4 0 5 17 0 1 0 1 0 6 0 3 293 303 306 0 16 1 0 0 1 11 399 2 1 2 282 0
-9999 -9999 -9999 0 0 0 0 0 0 23 0 0 0 0 36 0 12 2508 0 0 0 0 0 0 0 4 95 92 18 6 0 0 4 3 0 0 0 1 22 0 2 0 0 0 6 8 9 11 13 14 15 0 0 1 2 96 0 2 1 0 0 1 1 0 5 0 24 4 0 0 0 0 0 8 287 0 6 0 0 11 1 0 0 7 2 1 1 0 1 262 17
-9999 -9999 -9999 0 3 4 10 11 22 0 2 5 9 21 7 3 11 41 2464 7 5 3 0 0 0 1 1 0 69 0 8 6 0 0 0 0 0 0 6 14 11 0 3 0 0 1 0 0 0 0 0 0 7 10 11 91 0 0 0 0 0 1 2 2 1 7 47 79 2 0 0 3 247 275 0 0 5 0 0 7 1 0 0 5 1 0 0 0 0 261 0
-9999 -9999 -9999 0 0 3 0 8 0 0 1 2 2 10 6 2 10 40 13 2441 4 3 2 0 0 0 0 0 3 63 2 1 0 0 0 2 0 0 4 0 0 9 0 0 0 1 2 1 2 1 0 2 1 1 2 4 72 0 2 0 0 2 6 11 17 38 0 0 84 0 0 241 2 5 19 0 2 0 0 5 1 0 0 3 0 0 1 2 254 3 2
-9999 -9999 -9999 -9999 1 0 0 7 0 0 1 1 5 0 5 1 9 39 12 6 2428 4 3 2 0 0 0 0 0 50 0 0 1 1 4 0 0 0 0 0 1 1 0 0 0 0 3 3 5 2 0 0 0 1 0 0 22 46 8 4 0 0 0 1 17 0 0 0 10 97 235 1 0 1 4 17 0 1 0 2 1 0 0 1 0 1 2 3 250 0 0
