test_basin_2/input/morph/facc.asc
ncols	240
nrows	240
xllcorner	4597369
yllcorner	2495847
cellsize	500
NODATA_value	-9999
[rows 80 to 119 of 240, columns 91 to 181 of 240]
5 5 0 0 1 2 1 8 0 2 716 0 0 2 1 0 0 0 0 1 0 0 13 19 0 4 0 0 3 0 0 3 0 0 5971 23 0 4 3 1 0 0 4 0 0 2 1 1 1 0 1 3 1 0 0 205 0 0 214 4 3 0 0 0 0 1 0 844 1 1 0 5 3 1 0 0 0 0 2 0 1 3 0 1 1 0 2 1 2 0 3
3 3 0 0 1 0 3 3 0 0 0 800 5 0 0 0 1 1 0 1 4 5 6 51 8 2 1 0 1 0 0 0 1 0 0 6002 16 10 5 4 1 0 0 0 0 0 0 0 0 0 0 0 0 0 1 22 229 0 216 0 0 1 2 0 0 0 0 850 3 0 1 10 2 0 1 1 2 0 0 6 0 5 0 2 2 0 1 8 1 0 5
2 1 0 0 0 2 2 0 2 3 80 0 808 2 0 0 5 2 0 0 0 1 2 56 0 0 0 0 0 0 0 0 0 3 4 0 6024 3 2 0 0 0 0 0 1 0 0 0 0 0 0 0 0 1 0 18 2 235 454 0 3 0 3 2 0 1 0 854 1 0 0 18 0 3 2 0 4 0 1 0 14 0 1 6 0 0 1 11 2 7 1
0 0 0 0 0 0 0 0 0 0 75 0 0 813 0 7 5 0 0 1 1 2 3 66 4 3 1 1 1 2 0 0 2 3 8 10 6037 0 0 0 0 1 2 0 2 0 2 1 1 1 1 1 6 9 17 0 0 0 5 466 0 5 3 0 4 0 0 857 0 0 0 25 4 3 1 0 0 8 0 0 16 1 2 8 0 0 1 14 11 2 1
0 0 3 5 7 9 10 0 0 69 3 0 0 817 15 6 0 0 0 0 2 0 1 70 0 0 0 2 2 4 0 1 2 3 0 7 6048 2 0 1 0 5 0 0 4 1 0 5 2 0 2 2 0 5 0 0 0 3 0 2 471 11 0 6 1 0 0 860 0 1 0 35 7 2 1 0 1 0 11 0 0 20 215 211 200 197 194 190 16 0 2
0 0 0 0 0 0 1 35 59 6 0 1 0 0 845 1 0 0 0 3 0 3 0 73 0 2 0 0 6 6 0 1 3 4 6 0 0 6055 3 0 1 0 7 1 5 2 5 8 18 0 1 3 0 0 0 3 0 1 0 0 0 487 12 4 1 0 1 866 2 0 0 38 0 2 1 0 2 1 0 13 0 238 0 0 0 0 0 2 154 4 0
0 0 0 0 16 18 19 0 21 0 3 0 0 4 3 852 3 0 0 4 1 0 4 75 0 3 0 2 15 0 0 0 0 0 0 0 1 0 6063 3 0 1 20 9 2 0 0 1 0 23 24 6 0 8 7 0 1 0 0 0 1 0 502 0 0 0 0 869 0 0 1 48 6 2 1 0 0 5 0 15 253 12 1 0 0 0 1 0 0 146 143
0 2 12 15 0 1 0 10 8 0 2 0 2 2 0 0 854 0 1 5 2 0 6 78 0 0 5 19 0 1 0 0 0 1 0 0 0 1 0 6069 0 25 1 0 0 0 0 0 0 0 0 49 14 0 0 0 0 0 0 2 3 0 505 1 0 0 2 874 0 0 1 55 3 2 0 1 0 1 9 272 0 5 3 2 0 0 0 0 0 0 0
0 4 1 0 0 0 9 0 5 0 1 0 1 0 1 8 16 874 879 887 892 894 87 0 0 1 6 21 2 1 1 0 0 1 4 0 0 0 1 6073 27 0 0 0 0 2 0 0 0 0 1 53 0 3 2 0 0 1 3 0 1 7 508 0 0 0 0 877 0 0 1 59 0 0 1 2 1 0 284 0 0 0 4 1 0 1 3 0 0 0 0
1 0 0 0 0 0 4 0 4 0 0 0 0 1 5 2 3 1 1 0 0 1 986 0 0 2 0 35 2 0 3 0 0 3 5 2 0 0 0 0 6113 9 7 4 0 0 5 9 0 0 0 58 3 2 1 0 0 1 2 7 0 518 0 0 0 3 4 884 0 1 0 62 0 1 2 3 0 294 5 3 2 0 0 0 0 0 6 0 1 1 2
0 0 0 0 2 0 1 0 2 0 0 0 0 2 1 1 0 0 0 0 0 0 1 2184 2187 2196 2200 2202 2241 0 5 0 0 5 6 0 4 0 2 3 6116 0 0 0 0 0 0 0 12 13 16 72 7 4 1 0 0 2 3 4 14 520 0 0 0 0 2 890 3 0 0 602 538 537 534 303 298 1 0 0 1 0 0 0 0 1 9 2 2 3 0
0 2 0 2 8 0 1 0 0 0 2 0 0 0 0 0 0 1 0 1 0 0 1194 0 0 4 1 0 13 2258 2266 2268 2272 2287 0 1 5 0 0 6122 0 0 0 0 0 1 0 0 0 0 91 0 4 1 1 0 0 0 1 2 540 0 0 0 2 0 0 0 895 615 614 8 6 0 0 225 1 0 0 0 2 1 0 1 0 145 141 130 8 0 5
0 1 3 1 14 2 2 0 0 2 4 0 0 0 0 1 1 0 3 7 1173 1189 2 1 0 2 0 1 10 1 0 1 0 74 2366 0 6 0 2 6124 0 0 1 1 0 4 2 0 0 3 94 0 0 2 0 0 0 1 0 0 557 2 0 4 0 0 0 0 1514 0 0 0 3 0 4 0 216 210 198 195 191 178 173 170 162 9 0 0 116 7 0
3 1 2 4 15 5 0 0 0 2 8 1 1 0 1 0 3 2 0 1163 0 9 1 1 0 1 0 7 1 0 2 9 72 0 3 2376 2386 2389 8519 0 0 3 2 0 0 1 5 4 0 100 0 0 0 0 0 0 1 0 8 13 0 563 6 0 0 4 1 0 1519 2 1 0 0 1 3 2 1 10 0 1 8 1 0 4 4 2 4 0 1 104 95
5 4 2 24 8 0 0 0 0 0 4 11 2 1 0 2 0 7 1104 56 0 3 4 0 0 0 1 4 0 1 4 0 61 0 2 4 1 0 6 8528 8530 9 1 0 0 0 2 9 16 107 3 2 0 0 0 0 0 3 2 0 0 0 572 0 6 0 0 0 1522 0 2 1 0 0 2 1 0 4 4 0 7 1 0 3 3 1 3 0 1 5 1
0 7 8 35 0 0 0 0 1 0 0 18 3 2 0 1 4 1094 1 0 53 0 1 3 0 0 1 1 0 2 0 1 59 0 1 3 0 2 2 0 0 8542 2 0 0 3 0 1 128 0 1 0 1 1 0 0 1 0 0 0 1 0 587 8 0 1 1 0 1526 8 4 3 2 1 1 0 0 2 3 0 4 1 0 2 2 0 2 0 1 2 0
1 2 57 0 0 0 1 0 3 0 1 0 23 1049 1052 1056 1085 8 0 0 2 49 0 0 1 0 0 0 0 0 0 0 55 0 0 2 1 1 0 1 2 75 8623 0 0 4 0 0 130 0 0 0 4 0 0 4 1 0 0 0 0 11 0 603 3 0 2 0 0 1540 3 2 1 0 0 0 0 0 1 0 1 0 0 1 1 0 0 0 0 0 0
3 4 67 3 1 0 2 0 5 1 0 3 1021 1 0 0 17 0 7 0 0 47 0 1 0 0 0 0 0 0 1 0 50 0 0 0 0 0 0 0 70 0 1 8628 0 5 0 2 133 1 0 1 5 0 7 3 0 0 0 5 7 0 3 1 611 4 0 0 0 1546 3 2 1 0 0 0 0 0 0 0 1 0 0 0 0 0 0 0 0 0 0
1 2 72 0 0 0 4 958 968 977 980 1012 5 1 0 0 15 0 0 5 0 45 39 0 0 4 0 0 2 4 0 49 0 1 2 0 1 2 29 66 2 0 0 18 8652 8661 8664 8803 0 0 3 0 0 15 4 0 0 0 1 0 0 1 0 1 0 621 2 0 0 1550 1 0 0 0 1 1 0 4 0 7 3 2 0 0 0 0 2 0 1 1 2
0 0 75 0 0 2 951 0 2 5 0 23 0 4 0 0 13 0 0 4 0 2 0 34 9 1 0 0 1 0 46 0 0 1 2 6 11 25 0 33 0 0 15 1 3 1 0 10 8816 8833 8839 8842 8846 22 0 0 2 1 0 0 0 0 0 0 2 0 626 0 0 1552 0 1 1 0 4 0 0 7 0 11 2 1 0 0 2 0 5 0 1 2 2
3 0 0 915 920 945 0 0 1 3 0 21 0 0 2 0 10 0 1 0 0 0 0 23 0 0 0 0 0 34 3 0 0 1 2 3 11 0 0 28 0 0 13 0 2 0 1 7 0 14 0 0 1 8872 2 0 0 6 0 1 0 2 0 0 0 0 3 632 635 2190 3 0 3 5 1 0 0 10 0 15 2 1 0 0 4 0 0 6 1 5 0
0 5 837 0 2 17 4 0 0 2 0 16 3 0 1 0 7 0 0 0 0 1 10 3 5 0 0 2 3 29 1 0 0 1 7 9 0 0 1 25 1 0 10 0 1 0 2 6 0 10 1 0 0 0 8877 0 8 0 1 0 2 4 1 1 0 0 0 0 0 0 2197 11 6 2 1 0 0 13 0 18 1 0 0 0 6 1 0 1 9 6 0
8 828 0 0 1 15 0 2 0 1 0 13 0 1 0 0 2 0 0 0 3 7 0 2 0 2 0 0 1 24 1 0 0 3 0 0 0 1 24 0 0 5 2 0 0 1 1 2 2 6 0 0 5 9 15 8904 0 4 0 1 0 8 2 0 3 0 0 0 0 0 0 2211 0 5 0 1 0 15 1 19 0 0 1 0 8 2 0 3 19322 19332 19345
807 6 9 0 0 8 5 3 0 0 0 9 1 0 0 0 0 0 1 0 0 0 0 0 0 0 0 1 0 13 5 0 0 1 0 1 0 0 18 0 0 4 0 0 0 0 0 1 2 2 0 3 2 3 0 3 8915 0 0 0 2 10 3 0 1 4 2 2 0 0 0 1 2221 0 3 0 0 1 20 19229 19232 19235 19244 19247 19261 19277 19283 19307 0 1 10
0 0 5 7 0 2 4 0 2 0 0 2 3 0 0 1 3 4 9 0 0 1 0 0 1 0 0 2 2 11 3 1 0 0 0 0 3 5 15 0 0 1 0 0 0 0 0 1 0 0 1 1 2 0 1 0 79 8997 9000 9004 9010 9032 9045 9048 9053 9063 9071 9076 9080 0 0 0 1 2229 0 1 0 0 19187 1 0 0 5 0 3 11 3 1 19 0 9
0 0 1 2 5 0 1 3 0 0 0 0 0 0 0 1 0 0 2 12 0 4 1 2 0 0 0 0 6 0 0 0 0 0 2 0 1 0 7 1 0 0 0 0 2 4 0 0 0 0 0 1 0 1 2 66 11 0 0 1 1 9 7 0 1 3 3 0 0 9082 9104 9106 9108 9109 11340 11343 19152 19164 19 0 0 0 3 0 1 10 2 0 17 0 8
1 0 0 0 0 3 0 0 1 0 0 0 0 0 0 3 0 0 0 5 24 4 3 1 0 1 0 0 0 0 0 0 2 0 4 0 3 0 3 0 0 0 3 1 0 0 6 0 2 0 0 0 1 2 62 2 4 2 0 0 2 5 6 0 2 2 0 6 14 19 0 0 0 0 1 7806 0 9 3 13 1 0 2 0 0 8 1 0 1 13 7
87 0 4 3 0 0 0 1 0 0 0 2 6 0 0 5 0 1 0 0 32 0 2 0 1 2 1 0 0 0 3 0 2 4 5 0 6 0 1 0 0 2 0 5 3 5 0 8 0 4 0 0 1 58 0 0 3 1 0 1 1 2 5 1 1 1 4 3 2 1 0 0 1 7790 7796 2 5 3 4 2 10 1 0 0 0 6 0 0 1 12 6
5 78 0 0 0 6 5 0 0 1 0 0 3 12 0 0 6 3 0 0 0 35 5 0 2 5 0 0 2 0 0 4 0 4 11 0 8 0 0 0 0 0 4 0 6 0 10 13 30 0 0 2 54 0 0 1 0 0 0 0 0 0 4 0 0 0 1 2 1 0 0 0 7787 0 0 0 1 4 2 3 1 7 0 0 0 3 0 0 4 0 3
1 71 0 10 9 1 0 0 3 6 1 0 0 1 18 0 1 12 0 0 1 108 152 10 6 0 0 1 1 5 0 0 5 0 17 319 330 333 3 0 1 0 0 13 0 2 0 0 3 46 48 50 0 0 0 1 0 0 0 2 0 2 0 0 0 0 0 0 0 0 1 7649 1 133 0 0 0 0 2 1 2 0 6 0 0 1 0 2 0 0 1
0 16 52 0 0 0 0 0 1 0 11 0 0 0 0 19 23 95 98 101 107 0 0 166 1 0 1 0 4 6 0 2 292 295 299 0 0 0 343 3 0 0 2 16 0 1 0 2 8 0 0 0 0 7 0 1 2 2 0 4 0 0 0 0 1 0 0 0 0 0 1 7644 0 1 129 0 0 0 0 0 0 0 0 2 0 0 0 0 0 0 0
12 1 2 36 3 0 0 0 1 12 0 0 0 0 0 0 56 0 0 0 0 0 0 169 0 1 2 1 5 0 8 282 1 0 0 0 0 1 2 349 0 4 0 18 0 0 0 3 0 2 0 0 3 0 12 0 2 6 6 0 0 0 2 7490 5 1 0 0 1 1 0 7641 0 0 126 0 1 4 3 0 0 2 0 0 0 0 1 0 1 1 0
2 0 1 23 7 5 0 0 0 18 21 38 41 45 49 52 0 0 0 0 1 0 0 1 231 235 240 245 257 265 269 0 0 0 0 0 0 1 0 1 358 0 20 0 0 0 0 0 1 0 0 0 0 2 0 14 1 10 7464 7469 7478 7481 7484 0 7498 0 1 0 3 0 7636 2 0 0 3 120 5 1 0 1 4 0 0 0 3 0 0 8 0 6 0
1 0 6 0 14 0 2 0 0 1 0 14 0 1 1 1 0 0 0 2 0 4 0 58 2 0 0 1 4 5 0 0 0 0 0 1 1 2 0 0 173 534 558 0 0 4 0 1 0 0 0 0 0 0 0 0 17 7445 0 2 6 0 1 0 18 7521 7528 7532 7538 7622 9 0 0 0 0 4 106 0 0 8 2 0 0 1 5 0 0 3 10 12 24
0 0 4 0 9 3 1 0 0 1 13 0 0 0 0 0 0 3 0 4 0 0 51 2 0 1 0 1 1 3 0 0 3 7 10 2 0 0 4 171 0 0 9 570 572 573 582 0 0 1 1 1 0 0 0 3 7424 2 0 1 4 0 0 1 14 2 3 1 0 81 0 7 1 0 2 0 37 64 11 0 0 0 1 12 0 0 0 0 0 0 0
0 0 3 0 4 1 0 0 0 1 3 5 3 0 0 0 0 4 0 5 0 40 3 0 0 0 0 0 0 0 0 0 0 1 0 14 0 3 163 0 0 2 5 0 7 8 9 595 0 2 4 0 0 2 0 7415 0 0 1 0 2 0 0 0 12 1 2 0 0 79 0 4 2 0 1 2 33 0 50 2 0 0 16 0 2 1 0 0 1 3 5
0 0 0 0 2 0 0 2 0 0 0 0 0 0 0 5 8 15 18 26 32 4 0 1 0 0 0 0 0 0 0 0 0 0 0 0 15 156 0 0 0 1 4 5 0 4 20 22 622 10 1 0 0 2 7408 4 2 1 0 0 0 0 0 11 0 0 1 0 1 76 0 0 0 0 0 1 32 0 0 44 23 21 0 0 0 0 0 1 0 0 0
0 0 0 0 0 0 0 1 7 0 0 0 0 1 0 0 0 0 0 0 3 1 0 0 0 0 3 5 3 0 0 3 123 126 129 132 150 3 0 0 2 3 4 1 2 0 14 0 2 635 0 1 0 0 7400 0 0 0 0 0 0 0 0 8 0 0 0 1 2 17 54 0 0 1 0 0 0 30 0 18 0 0 0 0 3 1 5 3 0 0 2
1 1 0 0 0 0 2 3 5 15 5 3 0 0 2 0 0 1 0 1 0 0 0 0 3 0 1 15 4 0 0 117 0 0 0 0 0 0 0 0 0 3 0 1 0 8 4 1 0 4 642 648 650 657 6740 0 1 0 1 1 3 0 0 5 0 0 0 5 12 0 14 36 34 6 2 0 0 29 1 14 2 1 0 0 1 11 12 25 0 0 30
2 2 0 0 2 0 0 0 0 0 22 0 0 0 5 0 0 2 0 0 0 0 0 2 0 4 5 0 21 0 112 2 0 0 1 0 1 0 0 0 0 0 0 0 7 0 2 0 1 0 0 2 2 1 1 6736 13 11 8 5 0 0 0 0 1 2 3 2 2 2 10 0 22 0 2 0 0 25 0 0 13 1 0 0 1 0 3 0 27 29 0
