trunk/test_basin/input/morph/dem.asc
ncols	288
nrows	432
xllcorner	3973369
yllcorner	2735847
cellsize	500
NODATA_value	-9999
[rows 266 to 303 of 432, columns 172 to 257 of 288]
317 325 308 284 293 314 335 318 306 306 295 290 293 284 254 254 261 256 259 273 259 293 276 293 326 315 329 333 318 338 342 338 352 345 343 299 305 357 356 348 317 299 279 270 270 277 280 306 346 313 350 391 345 319 330 393 377 399 371 355 440 439 385 412 484 446 375 375 375 408 455 431 454 512 607 534 660 699 727 776 641 729 525 568 436 582
334 335 313 298 291 316 322 307 295 293 276 274 274 274 254 254 259 259 269 259 278 280 271 274 303 309 334 333 327 341 350 349 316 311 311 326 339 375 347 337 310 304 314 331 305 272 272 278 297 287 338 320 310 337 365 365 365 414 371 355 378 444 423 385 407 418 375 375 375 375 375 419 587 608 617 662 658 675 703 699 478 532 475 436 453 509
324 332 317 302 322 328 320 309 293 295 284 272 264 271 274 254 258 259 262 270 259 270 262 284 285 286 316 343 345 327 340 351 360 334 330 345 357 357 318 304 304 304 334 337 344 306 279 272 275 286 298 296 310 351 336 330 398 417 347 373 384 486 506 467 329 329 399 429 472 397 392 625 492 566 519 519 606 661 704 480 431 455 410 410 566 731
314 333 325 313 325 312 298 285 290 271 270 265 261 261 261 269 255 259 264 281 283 262 276 288 276 305 309 322 337 350 348 352 350 333 356 377 366 318 346 344 319 318 328 352 335 328 363 360 272 272 277 305 316 296 330 378 402 374 342 314 394 458 402 364 329 369 434 575 600 547 595 597 492 518 640 627 657 683 682 455 413 410 421 424 468 545
299 329 330 322 319 307 310 285 279 284 269 265 261 265 281 281 261 255 266 286 264 262 282 276 299 286 299 289 301 317 351 348 361 363 362 368 346 384 344 322 318 328 346 348 334 342 359 331 303 280 273 284 279 304 337 327 378 400 337 306 320 321 309 309 405 448 482 594 578 473 473 529 570 625 636 714 687 624 514 410 389 389 461 468 424 465
311 331 333 327 323 304 288 300 289 286 275 276 271 279 271 274 275 258 268 287 268 264 280 286 277 292 302 289 299 279 313 322 328 364 360 362 381 348 318 335 318 340 348 339 334 347 378 364 294 290 286 277 277 278 322 361 359 331 304 297 292 309 316 335 457 502 570 473 473 478 550 619 545 545 629 681 676 495 421 389 392 457 587 623 513 424
303 313 317 322 300 298 305 300 298 312 301 300 285 279 289 307 300 259 274 303 289 296 277 277 286 290 292 277 277 294 301 289 309 326 316 370 346 369 346 318 320 344 354 334 367 384 348 330 296 346 309 291 286 278 287 331 350 288 288 290 304 333 351 392 463 573 473 481 473 547 566 554 656 676 604 619 512 417 374 374 477 502 625 547 505 470
311 309 322 317 312 325 318 307 311 316 321 320 303 313 301 282 271 259 287 301 305 306 285 279 277 277 281 277 288 299 285 285 284 295 293 330 373 377 323 356 339 352 371 361 381 391 334 316 327 353 319 319 293 294 292 287 287 296 308 288 382 361 376 448 526 389 389 514 547 473 517 547 546 574 628 453 402 387 374 374 415 470 473 461 446 456
322 318 322 330 335 324 313 322 337 315 311 310 309 316 313 287 308 261 271 289 299 286 313 299 277 277 277 277 280 283 277 277 277 283 303 313 325 341 345 384 354 361 385 371 401 373 374 339 358 421 377 302 315 317 307 293 305 314 325 364 489 514 541 521 389 390 389 526 525 567 525 542 625 544 510 425 380 374 374 400 418 452 442 446 482 498
331 338 338 345 346 332 326 342 333 336 317 325 315 330 319 294 284 267 265 266 274 296 284 284 299 277 277 277 277 277 277 277 277 278 298 310 341 354 343 369 376 390 383 389 357 339 339 376 401 364 340 314 360 360 379 428 357 305 337 353 399 465 561 456 340 483 494 456 596 632 607 555 471 425 405 385 374 374 384 402 410 414 469 509 541 545
336 349 356 350 359 346 343 334 340 341 330 335 314 308 294 269 269 290 265 265 275 274 276 280 280 284 287 277 277 277 277 277 279 306 319 298 298 316 339 379 384 386 393 385 379 377 339 403 439 371 326 327 367 411 566 536 450 326 305 431 521 578 397 339 322 381 497 506 603 539 464 403 384 374 374 374 379 393 408 405 439 440 455 486 544 562
340 348 361 363 371 363 352 344 345 314 332 320 312 276 272 270 278 300 265 265 275 277 278 284 298 303 299 282 277 278 282 285 293 288 326 336 315 350 327 352 352 352 388 379 413 357 339 443 407 358 332 355 470 534 591 470 399 323 305 307 385 369 422 309 335 436 619 624 526 448 375 374 374 374 374 374 398 409 484 439 489 474 440 490 565 581
340 348 374 376 383 368 356 348 344 317 314 282 276 270 270 274 290 303 265 267 269 285 282 304 306 311 285 277 289 291 293 296 289 316 313 338 361 357 365 378 407 404 391 408 433 358 391 404 362 345 376 455 458 558 590 399 400 376 305 305 305 306 305 343 397 545 414 432 383 374 374 374 374 436 430 374 470 451 449 479 479 509 471 440 533 555
340 355 361 375 380 364 342 317 295 286 280 278 276 270 276 271 289 286 267 272 270 284 294 302 308 316 317 312 298 304 312 315 319 318 347 333 358 395 410 399 381 403 402 410 423 378 382 430 402 398 387 398 501 502 520 423 448 435 367 305 305 305 305 305 307 374 374 374 374 374 374 435 406 470 457 390 474 496 503 515 531 507 534 506 467 509
343 360 363 375 376 357 337 349 346 334 301 275 275 285 275 278 318 291 277 270 277 272 304 298 311 302 314 316 328 320 325 328 329 353 360 377 378 401 406 362 386 383 402 402 430 408 411 457 458 437 442 456 449 377 392 458 473 452 305 305 305 327 337 360 363 375 374 374 406 399 413 483 461 432 460 431 445 480 503 620 684 548 559 547 537 567
340 340 340 355 349 354 361 355 332 290 284 323 320 283 280 310 283 274 274 277 275 277 288 303 300 306 331 330 324 341 345 353 361 362 388 353 360 381 376 361 374 385 407 430 439 463 466 422 415 412 452 375 419 368 347 344 345 331 305 305 305 345 361 362 389 404 384 374 420 451 460 462 470 454 491 481 431 467 474 551 577 547 579 561 584 566
340 340 345 354 353 349 350 338 314 328 334 323 301 304 311 314 301 299 301 305 291 286 277 284 300 305 313 326 340 343 367 354 363 353 360 344 351 369 349 356 366 386 410 448 465 463 449 430 417 357 409 364 349 337 331 322 320 322 305 305 305 349 377 421 398 415 428 415 392 414 464 474 496 499 497 498 478 461 479 502 508 530 585 597 652 615
348 349 340 351 355 360 345 341 325 335 341 314 301 305 320 313 299 299 299 294 299 304 277 279 292 299 306 305 307 337 330 352 356 338 378 336 330 347 343 354 361 377 425 461 459 449 461 435 378 380 341 329 329 318 314 312 308 308 325 305 305 342 357 372 379 391 406 438 457 470 476 479 486 501 540 526 492 480 466 475 483 501 535 574 634 682
357 349 364 358 357 357 345 334 339 324 316 307 316 309 327 313 317 310 320 296 318 311 280 279 292 290 294 296 297 299 306 341 346 353 335 330 330 333 351 371 401 400 386 386 386 399 469 465 384 388 387 363 344 327 313 322 312 320 336 305 305 339 335 339 344 354 365 388 402 422 418 499 519 513 530 494 514 515 517 523 508 542 579 584 628 703
365 370 341 344 345 341 340 341 347 338 331 346 328 327 336 337 326 316 309 322 312 312 279 281 285 296 306 313 316 320 309 317 326 318 318 333 346 360 374 377 409 437 438 404 434 413 485 434 385 413 372 352 349 350 331 340 339 337 347 311 305 308 338 350 333 367 349 348 348 351 424 465 473 485 497 542 536 522 532 514 553 560 618 628 644 755
347 356 349 341 328 343 334 349 363 345 351 344 328 324 315 327 328 318 311 298 316 313 293 284 284 290 298 304 313 304 313 314 317 331 343 374 359 375 392 399 427 458 450 459 445 433 481 464 412 390 393 359 357 357 355 364 358 370 361 333 309 305 305 307 315 325 325 327 327 367 356 377 420 444 469 495 516 547 540 549 567 567 619 672 649 685
345 351 348 348 325 329 329 351 368 350 345 339 318 313 313 310 311 319 304 300 298 298 286 284 289 288 295 296 298 310 336 330 333 333 346 364 357 370 408 440 438 469 478 469 461 449 453 401 379 371 365 355 355 355 355 378 388 366 355 330 327 305 320 321 324 322 323 334 348 383 392 356 356 363 422 496 562 587 598 575 584 596 634 691 714 736
332 343 336 334 325 325 334 364 362 349 340 343 325 322 324 309 309 304 318 299 305 298 284 284 287 306 291 294 304 301 311 312 314 328 343 350 385 368 432 423 431 445 474 506 484 484 430 393 376 372 362 368 355 355 366 372 390 371 364 345 335 305 333 346 354 379 369 375 368 384 373 398 363 394 404 404 446 559 563 562 566 567 620 718 728 753
323 341 342 335 333 325 332 357 359 348 332 330 338 313 313 317 318 308 304 305 313 301 295 284 293 306 307 327 304 302 303 313 317 321 341 353 368 379 411 406 425 451 445 445 492 494 434 383 386 381 375 366 362 355 358 374 375 365 373 356 328 306 313 325 359 355 396 393 426 427 420 433 404 437 410 420 405 434 502 502 513 548 571 639 639 719
323 327 338 327 325 337 350 334 351 344 341 337 340 333 337 315 311 313 298 302 304 295 292 288 300 304 318 339 337 302 306 312 322 323 328 335 356 379 384 384 384 461 450 466 477 465 457 403 433 438 377 368 355 355 371 368 383 360 352 347 318 318 308 331 360 345 372 386 413 443 441 438 426 443 425 445 422 433 545 585 541 597 611 669 709 702
329 323 331 327 325 340 342 328 345 342 336 328 341 322 322 320 305 305 298 291 299 288 288 294 299 299 307 328 335 302 304 316 321 323 328 335 373 423 437 464 454 451 452 450 450 473 502 483 513 410 384 382 360 355 378 381 378 363 354 337 338 350 311 314 328 335 366 399 528 572 576 459 468 469 466 460 449 460 461 473 557 570 604 696 668 663
331 329 316 332 324 330 324 322 331 343 338 328 332 340 340 330 322 310 298 289 289 299 305 293 301 299 334 320 335 312 306 313 328 327 334 341 415 463 453 475 470 463 450 460 450 501 526 460 429 410 393 400 356 360 366 403 396 363 378 383 339 326 320 311 314 317 340 443 472 458 469 619 584 530 489 505 508 491 527 523 529 569 572 610 589 591
326 328 316 318 324 328 322 332 322 322 328 352 354 337 314 314 314 315 291 301 304 310 309 300 305 306 338 340 339 324 307 315 330 332 343 346 377 434 463 438 490 470 450 475 488 505 468 502 501 399 377 372 359 374 371 459 440 366 377 352 333 336 344 322 316 317 335 377 383 376 497 529 480 516 517 535 594 590 679 629 629 635 631 623 556 509
319 322 313 327 322 322 322 322 332 336 334 351 363 334 321 307 298 300 293 301 311 320 313 315 322 305 339 339 345 342 314 320 328 342 340 363 364 399 412 430 464 467 468 486 510 477 480 418 388 382 377 367 368 384 382 522 460 397 368 340 347 350 358 329 320 316 332 332 352 373 464 439 419 427 466 493 534 584 782 802 822 804 812 757 564 552
322 313 325 351 341 345 328 329 341 347 339 342 351 323 310 307 299 295 293 311 311 324 317 313 305 305 315 340 353 352 314 318 342 345 343 364 375 417 400 441 461 487 503 515 520 466 422 415 416 386 380 379 387 402 391 439 466 447 356 356 397 447 398 354 338 320 324 336 378 394 392 388 389 437 513 587 651 617 784 728 689 679 838 749 576 515
324 313 324 348 350 356 357 350 339 352 350 344 332 320 305 299 296 308 299 309 316 318 319 318 312 305 310 337 337 354 316 316 329 337 342 364 373 420 443 441 451 488 458 464 476 467 462 484 497 410 479 413 429 420 410 544 527 403 387 384 581 476 378 469 368 325 323 332 398 442 383 402 428 448 495 548 754 833 859 688 549 731 701 573 617 523
313 331 344 336 357 367 364 344 339 339 339 356 315 307 299 299 311 301 304 311 331 333 335 318 312 312 310 324 346 353 359 329 338 356 367 360 360 438 439 476 480 442 442 486 493 486 495 483 431 444 556 601 481 452 506 543 602 488 549 540 633 568 475 605 460 376 327 325 348 359 386 403 428 436 600 661 776 726 658 574 498 636 552 520 506 501
316 353 337 346 364 358 343 339 339 344 350 342 317 307 303 318 309 317 308 326 329 327 312 312 312 319 315 316 342 350 372 370 329 358 372 381 387 365 409 413 409 462 477 480 499 511 509 487 506 500 516 578 534 597 595 574 604 525 599 657 644 634 643 602 577 437 327 334 331 372 361 355 371 383 413 430 538 564 516 462 523 504 502 465 463 484
337 335 345 356 358 351 344 343 340 351 364 349 355 329 320 320 320 325 329 338 335 325 325 332 318 329 320 315 345 355 383 383 360 338 359 408 420 414 431 409 433 487 500 505 516 510 532 537 546 546 558 532 564 582 585 595 601 637 665 640 616 575 634 457 394 368 329 331 331 340 344 374 414 427 407 432 410 451 464 457 454 452 434 466 467 459
317 337 328 339 343 338 355 343 338 358 361 346 344 337 334 335 330 344 354 361 326 321 318 318 320 334 357 323 353 375 368 342 354 373 338 382 437 456 492 474 490 475 481 475 455 495 492 503 511 567 536 528 556 577 554 556 500 597 634 549 508 574 553 447 366 337 359 353 336 337 339 343 343 343 395 391 383 405 422 404 408 452 421 439 424 412
315 315 333 318 334 346 331 329 330 343 358 354 341 344 341 346 347 342 363 368 323 323 321 331 340 350 336 324 340 340 340 362 387 409 382 346 378 406 445 431 441 420 444 444 445 484 490 492 515 551 534 528 551 495 495 495 578 635 634 628 579 508 491 446 352 337 382 519 408 345 344 346 347 344 348 383 396 407 388 402 385 419 408 412 403 403
337 329 315 317 330 331 329 330 350 345 345 348 345 352 359 348 355 338 350 348 339 343 348 346 338 336 325 337 342 340 340 371 401 389 370 390 349 390 414 414 414 415 445 457 475 498 470 467 500 534 503 476 495 495 527 542 583 616 551 479 573 399 410 351 351 393 413 560 476 384 351 348 350 349 350 356 385 383 416 413 375 406 402 384 391 379
353 335 325 322 317 318 319 324 336 326 337 342 327 340 337 339 341 336 347 349 346 353 349 337 331 329 350 364 359 348 340 386 415 403 417 429 349 401 426 468 444 432 442 459 515 498 486 467 472 523 520 446 541 497 582 587 642 601 484 399 399 399 399 351 388 442 534 608 597 422 366 368 354 356 352 350 351 387 374 369 362 366 372 374 374 374
