trunk/test_basin/input/morph/dem.asc
ncols	288
nrows	432
xllcorner	3973369
yllcorner	2735847
cellsize	500
NODATA_value	-9999
[rows 76 to 113 of 432, columns 0 to 85 of 288]
-9999 -9999 -9999 -9999 -9999 -9999 -9999 -9999 -9999 -9999 -9999 -9999 -9999 -9999 -9999 -9999 -9999 -9999 -9999 -9999 -9999 -9999 -9999 -9999 -9999 -9999 -9999 -9999 -9999 -9999 349 343 346 341 311 269 259 245 240 240 231 227 234 232 234 228 218 218 218 218 218 218 218 218 218 220 218 218 218 218 218 218 218 218 218 233 245 244 250 -9999 -9999 -9999 -9999 -9999 -9999 -9999 -9999 -9999 -9999 -9999 -9999 -9999 -9999 -9999 262 262
-9999 -9999 -9999 -9999 -9999 -9999 -9999 -9999 -9999 -9999 -9999 -9999 -9999 -9999 -9999 -9999 -9999 -9999 -9999 -9999 -9999 -9999 -9999 -9999 -9999 -9999 -9999 -9999 -9999 -9999 332 329 295 301 327 283 259 240 236 236 229 225 223 223 221 219 218 226 225 218 218 218 218 218 218 218 218 224 223 220 223 218 218 218 218 225 232 237 253 253 -9999 -9999 -9999 -9999 -9999 -9999 -9999 -9999 -9999 -9999 -9999 262 276 259 257 247
-9999 -9999 -9999 -9999 -9999 -9999 -9999 -9999 -9999 -9999 -9999 -9999 -9999 -9999 -9999 -9999 -9999 -9999 -9999 -9999 -9999 -9999 -9999 -9999 -9999 -9999 -9999 -9999 -9999 -9999 -9999 313 340 293 281 260 260 260 235 232 248 224 222 218 218 223 218 227 218 218 218 218 218 218 218 218 218 218 218 218 218 221 224 218 221 229 231 241 243 243 -9999 -9999 -9999 -9999 -9999 -9999 -9999 -9999 -9999 -9999 -9999 -9999 271 255 254 243
-9999 -9999 -9999 -9999 -9999 -9999 -9999 -9999 -9999 -9999 -9999 -9999 -9999 -9999 -9999 -9999 -9999 -9999 -9999 -9999 -9999 -9999 -9999 -9999 -9999 -9999 -9999 -9999 -9999 -9999 -9999 349 320 329 327 269 258 243 239 244 239 227 221 220 222 218 218 218 218 218 218 218 218 218 218 218 218 218 218 218 218 226 224 231 230 229 238 234 235 244 242 246 249 -9999 -9999 -9999 -9999 -9999 -9999 -9999 -9999 -9999 255 248 241 237
-9999 -9999 -9999 -9999 -9999 -9999 -9999 -9999 -9999 -9999 -9999 -9999 -9999 -9999 -9999 -9999 -9999 -9999 -9999 -9999 -9999 -9999 -9999 -9999 -9999 -9999 -9999 -9999 -9999 -9999 -9999 336 322 336 303 315 265 253 246 231 227 224 228 227 218 232 218 218 218 218 218 218 218 218 218 218 218 218 218 221 218 236 236 229 230 233 232 230 225 244 236 240 249 259 257 -9999 -9999 -9999 -9999 -9999 -9999 -9999 271 247 251 238
-9999 -9999 -9999 -9999 -9999 -9999 -9999 -9999 -9999 -9999 -9999 -9999 -9999 -9999 -9999 -9999 -9999 -9999 -9999 -9999 -9999 -9999 -9999 -9999 -9999 -9999 -9999 -9999 -9999 -9999 -9999 355 362 336 342 333 276 273 236 229 227 234 231 224 225 218 218 218 221 218 218 218 218 218 218 218 218 218 218 218 218 220 227 230 231 230 232 221 220 224 239 237 247 259 262 266 -9999 -9999 -9999 -9999 -9999 -9999 277 249 235 231
-9999 -9999 -9999 -9999 -9999 -9999 -9999 -9999 -9999 -9999 -9999 -9999 -9999 -9999 -9999 -9999 -9999 -9999 -9999 -9999 -9999 -9999 -9999 -9999 -9999 -9999 -9999 -9999 -9999 -9999 -9999 363 350 351 356 339 276 244 249 232 231 231 231 230 224 220 218 228 235 223 223 218 218 218 218 218 218 218 218 218 218 226 226 228 227 228 230 220 218 218 224 237 243 253 259 261 263 264 278 263 255 263 248 239 236 234
-9999 -9999 -9999 -9999 -9999 -9999 -9999 -9999 -9999 -9999 -9999 -9999 -9999 -9999 -9999 -9999 -9999 -9999 -9999 -9999 -9999 -9999 -9999 -9999 -9999 -9999 -9999 -9999 -9999 359 343 344 345 329 322 341 268 247 245 235 234 231 228 226 225 219 218 218 225 224 218 218 218 218 218 218 218 218 218 218 218 221 225 223 225 223 226 220 218 218 224 241 234 240 241 244 266 270 248 238 228 238 239 232 231 218
-9999 -9999 -9999 -9999 -9999 -9999 -9999 -9999 -9999 -9999 -9999 -9999 -9999 -9999 -9999 -9999 -9999 -9999 -9999 -9999 -9999 -9999 -9999 -9999 -9999 -9999 -9999 -9999 348 330 316 311 292 276 276 273 252 244 243 239 235 229 235 231 222 218 218 218 218 218 218 218 218 218 218 218 218 218 218 218 218 219 221 219 219 223 225 220 218 218 224 222 227 227 235 233 259 256 244 230 222 225 223 227 224 218
-9999 -9999 -9999 -9999 -9999 -9999 -9999 -9999 -9999 -9999 -9999 -9999 -9999 -9999 -9999 -9999 -9999 -9999 -9999 -9999 -9999 -9999 -9999 -9999 -9999 -9999 -9999 -9999 -9999 -9999 322 328 309 323 322 335 310 254 245 233 229 233 226 225 223 218 218 221 223 219 218 218 218 218 218 218 218 218 218 218 218 218 218 218 218 218 226 220 218 218 219 218 218 235 225 240 225 237 241 234 226 222 218 222 230 219
-9999 -9999 -9999 -9999 -9999 -9999 -9999 -9999 -9999 -9999 -9999 -9999 -9999 -9999 -9999 -9999 -9999 -9999 -9999 -9999 -9999 -9999 -9999 -9999 -9999 -9999 -9999 -9999 -9999 -9999 332 339 323 339 348 304 273 251 244 236 230 228 226 222 220 237 219 220 222 218 218 218 218 218 218 218 222 218 218 218 218 218 218 221 218 220 218 218 218 218 218 218 218 226 225 227 225 234 234 229 224 223 218 221 223 224
-9999 -9999 -9999 -9999 -9999 -9999 -9999 -9999 -9999 -9999 -9999 -9999 -9999 -9999 -9999 -9999 -9999 -9999 -9999 -9999 -9999 -9999 -9999 -9999 -9999 -9999 -9999 -9999 -9999 -9999 347 323 355 361 358 353 339 258 247 244 244 230 225 224 228 230 228 226 218 218 218 218 223 223 218 218 218 218 218 218 218 218 218 218 218 218 218 218 218 218 218 218 218 219 218 226 230 225 229 224 218 218 218 218 223 220
-9999 -9999 -9999 -9999 -9999 -9999 -9999 -9999 -9999 -9999 -9999 -9999 -9999 -9999 -9999 -9999 -9999 -9999 -9999 -9999 -9999 -9999 -9999 -9999 -9999 -9999 -9999 -9999 -9999 -9999 373 362 359 350 350 350 346 264 254 249 238 232 231 230 224 221 228 225 225 222 218 218 218 220 218 218 218 218 218 218 218 218 218 218 218 218 218 218 218 218 218 218 218 220 218 227 225 219 218 218 224 221 218 218 218 218
-9999 -9999 -9999 -9999 -9999 -9999 -9999 -9999 -9999 -9999 -9999 -9999 -9999 -9999 -9999 -9999 -9999 -9999 -9999 -9999 -9999 -9999 -9999 -9999 -9999 -9999 -9999 -9999 -9999 -9999 -9999 -9999 -9999 -9999 353 286 273 257 247 248 250 236 230 227 221 219 229 218 218 219 234 222 218 218 218 218 218 218 218 218 218 218 218 218 218 218 218 218 218 218 218 218 218 218 218 222 224 232 220 218 226 218 220 218 218 218
-9999 -9999 -9999 -9999 -9999 -9999 -9999 -9999 -9999 -9999 -9999 -9999 -9999 -9999 -9999 -9999 -9999 -9999 -9999 -9999 -9999 -9999 -9999 -9999 -9999 -9999 -9999 -9999 -9999 -9999 -9999 -9999 -9999 -9999 362 351 329 326 255 240 238 232 240 238 226 220 218 218 222 218 218 218 219 218 218 218 218 218 218 218 218 218 218 218 218 218 218 218 218 218 218 218 218 218 218 227 223 223 218 218 220 218 218 218 218 218
-9999 -9999 -9999 -9999 -9999 -9999 -9999 -9999 -9999 -9999 -9999 -9999 -9999 -9999 -9999 -9999 -9999 -9999 -9999 -9999 -9999 -9999 -9999 -9999 -9999 -9999 -9999 -9999 -9999 -9999 -9999 -9999 -9999 -9999 336 318 275 259 259 236 234 228 228 225 220 218 218 218 218 219 218 218 218 218 218 218 218 218 218 218 218 218 218 218 218 218 218 218 218 218 218 218 218 218 218 218 218 218 218 218 218 218 218 218 219 220
-9999 -9999 -9999 -9999 -9999 -9999 -9999 -9999 -9999 -9999 -9999 -9999 -9999 -9999 -9999 -9999 -9999 -9999 -9999 -9999 -9999 -9999 -9999 -9999 -9999 -9999 -9999 -9999 -9999 -9999 -9999 -9999 -9999 -9999 349 350 338 318 285 236 234 242 226 225 221 218 220 218 218 218 218 218 218 218 218 218 218 218 218 218 218 218 218 218 218 218 218 218 218 218 218 218 218 218 218 218 218 218 218 218 218 218 218 218 218 218
-9999 -9999 -9999 -9999 -9999 -9999 -9999 -9999 -9999 -9999 -9999 -9999 -9999 -9999 -9999 -9999 -9999 -9999 -9999 -9999 -9999 -9999 -9999 -9999 -9999 -9999 -9999 -9999 -9999 -9999 -9999 -9999 -9999 -9999 371 365 357 334 286 239 246 237 227 225 222 223 222 218 218 218 218 218 218 218 218 218 218 218 218 218 218 218 218 218 218 218 218 218 218 218 218 218 218 218 218 218 218 218 218 218 218 218 218 218 218 218
-9999 -9999 -9999 -9999 -9999 -9999 -9999 -9999 -9999 -9999 -9999 -9999 -9999 -9999 -9999 -9999 -9999 -9999 -9999 -9999 -9999 -9999 -9999 -9999 -9999 -9999 -9999 -9999 -9999 -9999 -9999 -9999 -9999 -9999 363 363 357 331 303 248 242 237 227 225 225 228 220 221 219 218 219 218 218 218 218 218 218 218 218 218 218 218 218 218 218 218 218 218 218 218 218 218 218 218 218 218 218 218 218 218 218 218 218 218 218 218
-9999 -9999 -9999 -9999 -9999 -9999 -9999 -9999 -9999 -9999 -9999 -9999 -9999 -9999 -9999 -9999 -9999 -9999 -9999 -9999 -9999 -9999 -9999 -9999 -9999 -9999 -9999 -9999 -9999 -9999 -9999 -9999 -9999 -9999 -9999 341 318 318 278 254 246 263 234 230 228 227 224 219 218 220 221 221 225 218 218 218 218 218 218 218 218 218 218 218 218 218 218 218 218 218 218 218 218 218 218 218 218 218 218 218 218 218 218 218 218 218
-9999 -9999 -9999 -9999 -9999 -9999 -9999 -9999 -9999 -9999 -9999 -9999 -9999 -9999 -9999 -9999 -9999 -9999 -9999 -9999 -9999 -9999 -9999 -9999 -9999 -9999 -9999 -9999 -9999 -9999 -9999 -9999 -9999 -9999 -9999 344 353 346 277 273 252 259 236 231 234 228 219 218 225 220 224 225 224 219 219 229 218 218 218 218 221 218 218 218 218 218 218 218 218 220 218 218 218 218 218 218 218 218 218 218 218 218 218 218 218 218
-9999 -9999 -9999 -9999 -9999 -9999 -9999 -9999 -9999 -9999 -9999 -9999 -9999 -9999 -9999 -9999 -9999 -9999 -9999 -9999 -9999 -9999 -9999 -9999 -9999 -9999 -9999 -9999 -9999 -9999 -9999 -9999 -9999 -9999 -9999 -9999 371 343 336 268 255 238 240 236 227 224 221 232 224 220 220 222 219 219 225 218 218 218 218 218 218 218 218 218 218 218 218 218 218 218 218 218 218 218 218 218 218 218 218 218 218 218 218 218 218 218
-9999 -9999 -9999 -9999 -9999 -9999 -9999 -9999 -9999 -9999 -9999 -9999 -9999 -9999 -9999 -9999 -9999 -9999 -9999 -9999 -9999 -9999 -9999 -9999 -9999 -9999 -9999 -9999 -9999 -9999 -9999 -9999 -9999 -9999 -9999 -9999 375 374 343 338 249 244 240 232 228 226 238 236 232 220 222 219 222 219 218 218 218 218 218 218 218 218 218 218 218 218 218 218 218 218 218 218 218 218 218 218 218 218 218 218 218 218 218 218 218 218
-9999 -9999 -9999 -9999 -9999 -9999 -9999 -9999 -9999 -9999 -9999 -9999 -9999 -9999 -9999 -9999 -9999 -9999 -9999 -9999 -9999 -9999 -9999 -9999 -9999 -9999 -9999 -9999 -9999 -9999 -9999 -9999 -9999 -9999 -9999 -9999 -9999 359 348 317 270 242 248 243 232 230 231 220 220 220 222 223 223 221 223 218 218 218 218 218 218 218 218 218 218 218 218 218 218 218 218 218 218 218 218 218 218 218 218 218 218 218 218 218 218 218
-9999 -9999 -9999 -9999 -9999 -9999 -9999 -9999 -9999 -9999 -9999 -9999 -9999 -9999 -9999 -9999 -9999 -9999 -9999 -9999 -9999 -9999 -9999 -9999 -9999 -9999 -9999 -9999 -9999 -9999 -9999 -9999 -9999 -9999 -9999 -9999 -9999 370 362 351 322 263 294 261 243 238 228 224 231 221 228 228 224 225 222 218 218 218 218 218 218 218 218 218 218 218 218 218 218 218 218 218 218 223 218 218 218 218 218 218 218 218 218 218 218 218
-9999 -9999 -9999 -9999 -9999 -9999 -9999 -9999 -9999 -9999 -9999 -9999 -9999 -9999 -9999 -9999 -9999 -9999 -9999 -9999 -9999 -9999 -9999 -9999 -9999 -9999 -9999 -9999 -9999 -9999 -9999 -9999 -9999 -9999 -9999 -9999 -9999 387 363 342 356 289 354 356 295 239 234 230 224 221 233 230 226 224 218 218 218 218 218 218 218 218 218 218 218 218 219 218 218 218 218 218 218 223 220 219 219 218 218 218 218 218 218 218 221 218
-9999 -9999 -9999 -9999 -9999 -9999 -9999 -9999 -9999 -9999 -9999 -9999 -9999 -9999 -9999 -9999 -9999 -9999 -9999 -9999 -9999 -9999 -9999 -9999 -9999 -9999 -9999 -9999 -9999 -9999 -9999 -9999 -9999 -9999 -9999 -9999 -9999 363 368 371 367 331 332 363 353 250 246 230 225 222 232 229 251 227 219 218 224 227 218 218 218 218 218 218 222 218 218 219 218 218 218 221 218 218 225 218 218 218 218 218 218 218 218 218 218 218
-9999 -9999 -9999 -9999 -9999 -9999 -9999 -9999 -9999 -9999 -9999 -9999 -9999 -9999 -9999 -9999 -9999 -9999 -9999 -9999 -9999 -9999 -9999 -9999 -9999 -9999 -9999 -9999 -9999 -9999 -9999 -9999 -9999 -9999 -9999 -9999 -9999 -9999 383 357 342 352 355 344 360 275 256 235 230 239 239 240 229 242 239 240 239 238 232 218 218 218 218 218 218 218 218 218 218 218 218 218 218 218 218 222 220 218 218 218 218 218 218 218 218 218
-9999 -9999 -9999 -9999 -9999 -9999 -9999 -9999 -9999 -9999 -9999 -9999 -9999 -9999 -9999 -9999 -9999 -9999 -9999 -9999 -9999 -9999 -9999 -9999 -9999 -9999 -9999 -9999 -9999 -9999 -9999 -9999 -9999 -9999 -9999 -9999 -9999 -9999 368 353 362 358 356 346 325 356 348 247 231 239 250 229 229 239 237 234 222 222 222 218 226 221 218 218 218 218 218 218 218 218 218 219 218 218 218 218 218 221 218 218 218 218 218 218 218 218
-9999 -9999 -9999 -9999 -9999 -9999 -9999 -9999 -9999 -9999 -9999 -9999 -9999 -9999 -9999 -9999 -9999 -9999 -9999 -9999 -9999 -9999 -9999 -9999 -9999 -9999 -9999 -9999 -9999 -9999 -9999 -9999 -9999 -9999 -9999 -9999 -9999 -9999 -9999 388 385 380 369 357 333 275 308 273 257 250 247 241 237 233 232 231 234 223 229 229 218 218 218 218 218 218 218 218 218 218 218 218 218 218 218 218 218 218 218 218 218 218 218 218 218 218
-9999 -9999 -9999 -9999 -9999 -9999 -9999 -9999 -9999 -9999 -9999 -9999 -9999 -9999 -9999 -9999 -9999 -9999 -9999 -9999 -9999 -9999 -9999 -9999 -9999 -9999 -9999 -9999 -9999 -9999 -9999 -9999 -9999 -9999 -9999 -9999 -9999 -9999 -9999 -9999 394 375 355 324 324 340 260 257 251 247 247 242 241 236 233 233 228 225 229 221 218 218 218 218 218 218 218 218 219 218 218 218 218 218 218 218 218 218 218 218 218 218 218 218 218 218
-9999 -9999 -9999 -9999 -9999 -9999 -9999 -9999 -9999 -9999 -9999 -9999 -9999 -9999 -9999 -9999 -9999 -9999 -9999 -9999 -9999 -9999 -9999 -9999 -9999 -9999 -9999 -9999 -9999 -9999 -9999 -9999 -9999 -9999 -9999 -9999 -9999 -9999 -9999 -9999 -9999 -9999 353 358 362 282 263 257 249 245 242 241 240 239 236 235 233 229 225 233 224 223 218 223 218 218 218 218 218 218 218 218 218 218 218 218 218 218 218 218 218 218 218 218 218 218
-9999 -9999 -9999 -9999 -9999 -9999 -9999 -9999 -9999 -9999 -9999 -9999 -9999 -9999 -9999 -9999 -9999 -9999 -9999 -9999 -9999 -9999 -9999 -9999 -9999 -9999 -9999 -9999 -9999 -9999 -9999 -9999 -9999 -9999 -9999 -9999 -9999 -9999 -9999 -9999 -9999 -9999 353 374 352 335 308 255 252 247 243 238 239 239 235 234 232 231 227 224 220 222 226 224 223 219 218 218 218 218 219 218 218 218 218 218 218 218 218 218 218 218 218 218 218 218
-9999 -9999 -9999 -9999 -9999 -9999 -9999 -9999 -9999 -9999 -9999 -9999 -9999 -9999 -9999 -9999 -9999 -9999 -9999 -9999 -9999 -9999 -9999 -9999 -9999 -9999 -9999 -9999 -9999 -9999 -9999 -9999 -9999 -9999 -9999 -9999 -9999 -9999 -9999 -9999 -9999 -9999 361 377 356 363 324 264 261 247 240 239 235 232 235 231 232 228 228 227 222 219 220 220 220 218 218 218 218 218 218 218 218 218 218 218 218 218 218 218 218 218 218 218 218 218
-9999 -9999 -9999 -9999 -9999 -9999 -9999 -9999 -9999 -9999 -9999 -9999 -9999 -9999 -9999 -9999 -9999 -9999 -9999 -9999 -9999 -9999 -9999 -9999 -9999 -9999 -9999 -9999 -9999 -9999 -9999 -9999 -9999 -9999 -9999 -9999 -9999 -9999 -9999 -9999 -9999 -9999 390 395 373 355 304 279 261 251 251 248 234 231 230 228 230 232 222 225 221 221 219 219 220 218 218 218 218 218 218 218 218 218 218 218 218 219 218 218 218 218 218 218 219 221
-9999 -9999 -9999 -9999 -9999 -9999 -9999 -9999 -9999 -9999 -9999 -9999 -9999 -9999 -9999 -9999 -9999 -9999 -9999 -9999 -9999 -9999 -9999 -9999 -9999 -9999 -9999 -9999 -9999 -9999 -9999 -9999 -9999 -9999 -9999 -9999 -9999 -9999 -9999 -9999 -9999 -9999 -9999 -9999 380 367 339 289 265 259 248 252 241 232 232 228 228 225 221 219 218 218 218 218 221 219 218 218 218 218 218 218 218 218 218 218 218 218 218 218 218 218 218 218 218 218
-9999 -9999 -9999 -9999 -9999 -9999 -9999 -9999 -9999 -9999 -9999 -9999 -9999 -9999 -9999 -9999 -9999 -9999 -9999 -9999 -9999 -9999 -9999 -9999 -9999 -9999 -9999 -9999 -9999 -9999 -9999 -9999 -9999 -9999 -9999 -9999 -9999 -9999 -9999 -9999 -9999 -9999 -9999 -9999 372 368 362 347 265 256 261 270 245 236 230 226 224 222 220 219 218 218 218 218 218 218 218 218 218 218 218 218 218 218 218 221 218 218 218 218 218 218 218 218 218 218
-9999 -9999 -9999 -9999 -9999 -9999 -9999 -9999 -9999 -9999 -9999 -9999 -9999 -9999 -9999 -9999 -9999 -9999 -9999 -9999 -9999 -9999 -9999 -9999 -9999 -9999 -9999 -9999 -9999 -9999 -9999 -9999 -9999 -9999 -9999 -9999 -9999 -9999 -9999 -9999 -9999 -9999 -9999 -9999 -9999 392 387 350 268 257 269 343 289 240 237 228 224 221 220 218 218 218 218 218 218 218 218 218 218 218 218 218 218 218 218 220 222 218 218 218 218 218 218 218 218 218
