trunk/test_basin/input/morph/dem.asc
ncols	288
nrows	432
xllcorner	3973369
yllcorner	2735847
cellsize	500
NODATA_value	-9999
[rows 38 to 75 of 432, columns 86 to 171 of 288]
-9999 -9999 -9999 -9999 -9999 -9999 -9999 -9999 -9999 -9999 -9999 -9999 -9999 -9999 -9999 -9999 -9999 -9999 -9999 -9999 -9999 395 394 391 405 -9999 -9999 -9999 -9999 -9999 -9999 -9999 -9999 -9999 -9999 -9999 -9999 -9999 -9999 -9999 -9999 -9999 337 275 242 233 223 216 209 221 228 231 231 224 224 224 244 237 225 186 186 186 186 186 186 190 186 186 186 186 186 186 186 195 186 186 186 186 186 186 221 215 186 204 318 344
-9999 -9999 -9999 -9999 -9999 -9999 -9999 -9999 -9999 -9999 -9999 -9999 -9999 -9999 -9999 -9999 -9999 -9999 -9999 -9999 -9999 -9999 391 396 403 -9999 -9999 -9999 -9999 -9999 -9999 -9999 -9999 -9999 -9999 -9999 -9999 -9999 -9999 -9999 -9999 -9999 399 313 255 240 223 211 211 201 231 222 242 231 227 224 228 214 186 186 194 186 186 186 206 191 186 186 186 186 186 186 186 186 188 186 186 186 186 186 186 186 189 225 331 362
-9999 -9999 -9999 -9999 -9999 -9999 -9999 -9999 -9999 -9999 -9999 -9999 -9999 -9999 -9999 -9999 -9999 -9999 -9999 -9999 -9999 388 382 377 398 -9999 -9999 -9999 -9999 -9999 -9999 -9999 -9999 -9999 -9999 -9999 -9999 -9999 -9999 -9999 -9999 -9999 409 396 258 230 220 208 200 198 207 215 220 229 221 227 188 186 186 186 186 186 197 206 207 217 190 186 186 186 186 186 186 186 186 186 194 186 191 210 193 186 232 272 345 334
-9999 -9999 -9999 -9999 -9999 -9999 -9999 -9999 -9999 -9999 -9999 -9999 -9999 -9999 -9999 -9999 -9999 -9999 -9999 -9999 -9999 380 377 377 379 386 381 392 -9999 -9999 -9999 -9999 -9999 -9999 -9999 -9999 -9999 -9999 -9999 -9999 -9999 344 384 295 247 238 226 216 208 198 200 207 224 227 215 205 186 194 202 186 191 190 204 197 217 220 208 186 186 186 186 186 186 186 186 186 202 196 200 251 318 186 238 309 346 323
-9999 -9999 -9999 -9999 -9999 -9999 -9999 -9999 -9999 -9999 -9999 -9999 -9999 -9999 -9999 -9999 -9999 -9999 -9999 -9999 -9999 382 377 380 380 376 376 362 355 358 351 -9999 -9999 -9999 -9999 -9999 -9999 -9999 -9999 -9999 -9999 347 408 350 253 240 225 207 199 195 194 194 200 229 218 207 199 214 204 194 203 187 186 186 196 201 220 186 186 186 186 186 186 186 186 186 201 208 213 291 282 223 260 346 323 327
-9999 -9999 -9999 -9999 -9999 -9999 -9999 -9999 -9999 -9999 -9999 -9999 -9999 -9999 -9999 -9999 -9999 -9999 -9999 -9999 -9999 383 377 367 365 356 351 350 356 353 351 366 372 -9999 391 390 -9999 -9999 -9999 -9999 -9999 364 405 258 230 214 206 220 222 208 196 194 208 237 229 222 193 190 186 192 186 186 186 186 186 192 191 186 186 186 186 186 186 186 186 186 198 208 215 288 324 310 229 315 272 317
-9999 -9999 -9999 -9999 -9999 -9999 -9999 -9999 -9999 -9999 -9999 -9999 -9999 -9999 -9999 -9999 -9999 -9999 -9999 -9999 -9999 376 374 362 359 350 340 339 341 351 358 361 363 379 378 385 -9999 -9999 -9999 -9999 -9999 395 360 244 232 202 217 194 191 198 193 198 211 223 232 216 208 206 203 186 186 186 186 186 186 189 186 186 186 186 186 186 186 186 186 186 204 242 269 287 294 298 229 246 246 246
-9999 -9999 -9999 -9999 -9999 -9999 -9999 -9999 -9999 -9999 -9999 -9999 -9999 -9999 -9999 -9999 -9999 -9999 -9999 376 372 368 366 357 356 341 332 335 343 332 344 357 369 373 389 388 389 -9999 -9999 -9999 404 422 270 235 218 202 189 186 186 186 186 196 205 240 225 200 195 190 186 186 186 186 186 186 186 186 186 186 186 186 186 186 186 186 186 186 195 247 263 265 287 297 229 294 246 310
-9999 -9999 -9999 -9999 -9999 -9999 -9999 -9999 -9999 -9999 -9999 -9999 -9999 -9999 -9999 -9999 -9999 -9999 -9999 371 360 355 352 354 343 332 332 332 332 339 345 367 366 376 381 386 388 398 -9999 381 411 359 252 224 216 197 200 202 186 186 186 186 217 196 201 196 186 186 186 186 186 186 186 186 186 186 186 186 186 186 186 186 186 186 186 198 199 236 257 268 290 283 229 297 301 291
-9999 -9999 -9999 -9999 -9999 -9999 -9999 -9999 -9999 -9999 -9999 -9999 -9999 -9999 -9999 -9999 -9999 -9999 384 364 353 353 351 337 332 332 332 332 333 342 348 359 365 372 374 381 386 380 403 415 360 248 231 215 204 198 186 186 186 186 187 186 186 186 195 201 186 186 186 186 186 186 186 186 186 186 186 186 186 186 186 186 186 186 188 206 212 239 262 266 273 286 251 285 293 297
-9999 -9999 -9999 -9999 -9999 -9999 -9999 -9999 -9999 -9999 -9999 -9999 -9999 -9999 -9999 378 369 365 369 350 350 342 338 332 332 341 332 332 334 342 371 375 362 366 372 380 376 373 407 428 289 237 231 231 200 193 193 194 208 186 186 186 186 186 186 186 186 186 186 186 186 186 186 186 186 186 186 186 186 186 186 186 186 186 204 189 204 248 258 276 266 283 262 254 270 279
-9999 -9999 -9999 -9999 -9999 -9999 -9999 -9999 -9999 -9999 -9999 -9999 -9999 -9999 379 368 356 344 356 347 344 338 332 341 332 355 344 332 334 355 370 358 364 360 364 373 373 373 407 416 278 303 255 234 216 218 218 210 195 196 186 190 186 186 186 186 186 186 186 186 186 186 186 186 186 186 186 186 186 186 197 195 187 186 186 192 204 220 235 252 275 289 259 254 274 277
-9999 -9999 -9999 -9999 -9999 -9999 -9999 -9999 -9999 -9999 405 401 375 376 374 360 344 337 352 338 338 327 324 345 344 343 334 335 338 352 368 371 340 357 368 376 387 399 418 419 427 287 263 251 232 241 228 217 224 211 196 191 186 186 186 186 186 186 186 186 186 186 186 186 186 186 186 186 186 186 201 221 224 202 186 196 221 225 257 255 251 284 267 254 265 262
-9999 -9999 -9999 -9999 -9999 -9999 -9999 -9999 -9999 -9999 363 382 367 373 365 347 331 331 348 334 325 305 304 338 351 322 324 322 328 360 345 340 340 367 369 391 385 283 356 329 346 280 252 241 226 216 249 243 241 242 191 186 193 186 186 186 186 186 186 186 186 186 186 186 186 186 192 198 186 189 221 263 234 206 191 195 218 221 234 243 246 293 266 254 255 268
-9999 -9999 -9999 -9999 -9999 -9999 -9999 -9999 -9999 -9999 344 353 352 356 352 333 328 335 333 321 314 298 305 315 318 311 304 322 328 332 328 348 355 372 377 397 305 280 388 267 350 316 245 223 210 206 228 293 266 247 217 197 186 186 186 186 186 186 186 186 186 186 186 186 186 205 215 186 186 207 207 263 247 223 195 191 245 248 250 233 250 255 258 254 261 270
-9999 -9999 -9999 -9999 -9999 -9999 -9999 372 352 361 378 344 351 333 333 326 326 330 327 306 299 292 293 293 318 294 318 316 317 313 301 354 368 382 397 335 271 325 283 233 222 300 246 214 188 222 245 287 202 194 186 186 186 186 186 186 186 186 186 186 186 186 186 186 186 186 186 186 186 186 216 230 275 229 193 191 191 215 202 224 223 235 266 269 263 278
-9999 -9999 -9999 -9999 -9999 -9999 362 352 364 372 373 352 340 340 330 327 328 325 318 303 307 304 287 285 285 294 296 298 304 301 318 376 378 394 372 261 327 358 261 219 202 202 191 208 187 209 220 225 186 186 186 186 186 186 186 186 186 186 186 186 186 186 186 186 186 186 186 233 186 186 186 240 287 268 213 205 205 191 206 223 227 234 268 265 279 273
-9999 -9999 -9999 -9999 -9999 -9999 351 342 351 357 366 350 347 334 328 326 326 314 307 298 291 301 285 285 285 285 285 289 292 289 352 330 298 277 304 261 352 257 233 219 219 209 189 186 187 187 208 197 186 186 186 186 186 186 186 186 186 186 186 186 186 186 186 186 186 186 228 246 220 186 186 199 214 261 230 221 225 208 196 201 227 259 277 269 286 284
-9999 -9999 -9999 -9999 -9999 -9999 360 350 341 345 344 345 335 331 328 325 314 306 299 289 285 285 285 299 285 285 289 309 289 346 350 367 330 305 261 278 368 269 244 290 290 221 199 186 186 189 186 186 186 186 186 186 186 186 186 186 186 186 186 186 186 186 194 186 186 186 210 245 258 186 186 201 217 299 300 276 243 206 219 207 201 204 240 242 250 265
-9999 -9999 -9999 -9999 -9999 361 346 342 337 334 331 325 335 355 323 320 311 297 288 285 285 285 285 285 288 285 305 309 302 305 349 366 374 296 261 326 264 240 247 333 241 222 199 186 186 190 186 186 186 186 186 186 186 186 186 186 186 186 186 186 186 186 197 192 186 186 205 219 255 186 186 188 283 247 222 266 238 229 221 225 223 232 250 262 251 273
-9999 -9999 -9999 -9999 -9999 359 340 344 330 313 318 311 318 309 311 310 322 299 297 285 285 295 285 285 285 285 304 312 302 349 302 358 246 223 310 302 261 238 315 306 242 217 211 200 186 192 186 186 186 186 186 186 186 186 186 186 186 186 186 186 186 186 186 186 186 191 201 211 265 216 186 186 192 186 209 298 282 252 255 237 240 251 258 274 284 -9999
-9999 -9999 -9999 -9999 352 338 332 321 320 308 293 308 304 306 287 306 333 319 307 303 297 285 285 285 287 285 323 336 313 302 302 308 214 212 251 254 282 271 234 238 238 224 232 227 186 186 186 186 186 186 186 186 186 186 186 186 186 186 186 186 186 186 186 186 191 218 204 224 259 236 186 186 186 209 265 250 215 215 253 217 236 270 260 272 -9999 -9999
-9999 346 342 338 345 319 336 316 301 291 287 283 282 284 280 280 296 291 286 286 289 285 285 285 294 285 327 344 349 349 357 362 341 200 200 229 221 298 218 216 216 230 222 209 216 187 186 186 186 186 186 186 186 186 186 196 186 186 186 186 186 186 186 186 186 186 209 230 240 237 186 186 186 201 277 194 192 201 204 216 251 342 311 313 -9999 -9999
318 324 317 330 315 311 324 317 320 325 316 302 279 269 268 281 308 304 289 288 286 289 293 288 285 304 323 346 355 353 357 324 343 328 252 197 265 278 244 224 216 222 218 215 186 188 186 186 186 186 186 186 186 190 197 186 208 194 186 192 186 186 187 186 186 186 211 234 244 245 230 195 186 191 186 192 194 260 272 285 286 278 243 259 -9999 -9999
310 310 314 322 309 325 320 311 297 288 307 308 320 295 275 266 306 303 297 284 285 273 280 287 297 270 330 342 352 350 342 304 281 255 300 260 195 195 208 208 212 211 238 200 186 186 186 186 186 186 186 186 186 193 212 191 206 186 186 186 190 192 204 193 186 186 209 225 236 244 218 238 186 186 202 254 217 231 298 300 276 227 225 255 282 -9999
310 318 310 293 311 305 314 290 272 281 304 285 295 297 269 266 280 281 284 281 300 273 283 292 301 270 274 334 349 346 344 332 285 255 255 257 286 210 187 188 201 193 186 186 186 186 186 186 186 186 186 186 186 187 197 199 195 198 190 192 203 206 197 190 186 191 206 220 222 254 249 250 245 186 186 210 284 311 263 205 210 225 257 285 290 -9999
-9999 330 294 287 283 288 277 265 263 266 269 264 304 291 265 265 265 273 286 275 273 291 283 302 304 294 267 339 344 340 331 300 310 311 328 320 265 326 259 187 186 186 186 186 186 186 186 186 186 186 186 186 186 186 189 186 195 197 204 209 209 186 186 186 186 186 194 205 224 236 247 253 250 229 186 214 279 279 201 239 233 250 335 302 -9999 -9999
-9999 -9999 300 299 280 265 265 268 253 257 256 256 271 283 265 265 265 276 294 273 285 282 287 306 311 333 323 267 315 346 304 316 321 338 335 326 324 302 310 288 200 189 186 186 186 186 186 186 186 186 186 186 186 186 186 195 193 190 215 197 187 186 186 193 186 186 192 213 221 239 236 231 204 188 186 186 195 195 205 268 318 296 309 265 -9999 -9999
-9999 -9999 290 278 276 253 253 253 268 248 249 280 270 265 265 265 267 280 271 294 292 284 277 297 314 330 332 345 267 287 315 324 326 330 342 342 331 308 247 299 276 218 187 186 186 186 186 186 186 186 186 186 186 186 186 186 186 186 186 199 186 186 186 194 206 186 186 209 218 218 225 235 208 246 186 186 239 272 264 224 246 308 227 248 -9999 -9999
-9999 -9999 -9999 280 273 274 270 269 255 257 240 268 270 274 276 265 269 264 279 272 282 278 296 277 277 332 348 339 267 323 327 322 328 315 331 316 332 319 296 203 193 190 186 186 186 186 186 186 186 186 186 186 186 186 186 186 186 186 186 186 194 195 200 202 198 197 205 199 204 205 219 230 227 240 222 186 198 206 206 206 217 217 303 340 -9999 -9999
-9999 -9999 -9999 286 278 262 258 258 255 245 240 240 273 281 265 268 269 263 266 276 302 296 277 282 277 333 326 330 267 331 330 338 318 312 322 304 315 288 229 252 217 206 187 186 186 186 186 186 186 186 186 186 186 186 186 186 186 195 186 186 186 202 205 199 199 197 197 197 207 217 217 233 245 244 248 232 191 207 226 253 262 262 231 321 -9999 -9999
-9999 -9999 294 276 261 257 253 245 244 251 263 240 250 266 265 260 260 274 272 273 275 277 281 307 326 277 287 267 273 325 332 343 337 322 266 258 258 229 290 251 299 222 204 186 186 186 186 186 186 186 186 186 186 186 186 186 192 186 186 186 186 186 186 206 198 199 197 197 221 233 250 237 239 237 239 224 191 227 234 277 257 279 315 321 -9999 -9999
-9999 289 276 264 252 251 245 242 242 239 239 239 250 278 273 269 263 260 283 280 263 260 288 312 310 304 305 296 252 330 335 338 347 344 324 308 301 297 340 338 320 294 213 189 186 186 186 186 186 186 186 186 186 186 186 186 186 186 186 186 186 195 186 191 218 220 205 197 213 225 221 226 225 225 229 198 191 264 276 294 293 306 317 -9999 -9999 -9999
-9999 281 272 262 264 253 251 251 251 257 243 239 246 252 275 280 261 252 271 262 255 289 301 309 306 311 285 246 292 329 278 335 336 341 348 354 359 356 356 375 368 355 302 201 186 186 186 206 186 186 186 186 186 186 186 186 186 187 194 197 198 195 186 186 194 198 203 201 218 213 220 215 225 228 256 212 191 205 214 225 261 294 296 -9999 -9999 -9999
287 270 261 261 256 254 246 251 257 268 242 242 239 250 251 258 263 259 252 253 271 301 299 302 309 313 307 246 301 317 260 314 328 329 335 349 359 348 370 375 351 357 341 244 193 190 198 226 218 205 186 186 186 186 186 186 186 192 225 215 192 186 200 204 202 213 220 211 201 204 207 209 220 220 258 192 191 195 202 208 234 267 304 -9999 -9999 -9999
274 262 263 272 269 246 247 235 245 263 270 262 244 239 239 239 240 252 252 310 305 298 303 295 303 307 317 246 299 313 292 244 325 330 335 345 337 339 360 335 280 313 314 330 226 217 216 205 197 186 186 186 186 186 186 186 198 203 208 238 201 190 188 215 229 236 229 205 203 205 223 216 216 251 208 208 191 209 213 218 278 292 -9999 -9999 -9999 -9999
275 280 268 271 267 251 250 255 235 246 264 269 261 239 239 239 239 266 288 298 301 300 312 318 295 323 316 266 246 283 288 239 283 320 323 337 342 345 363 359 351 270 283 278 204 202 186 186 186 186 186 186 186 186 186 186 186 199 215 216 201 196 197 191 204 220 232 206 203 203 205 208 227 253 247 282 191 192 217 233 280 327 -9999 -9999 -9999 -9999
262 266 242 252 259 251 245 238 235 242 236 244 251 263 239 239 285 291 288 288 280 275 302 301 295 317 317 309 286 246 228 296 300 307 326 297 321 331 348 313 333 224 202 206 192 186 186 186 186 186 186 186 186 186 186 186 186 186 201 208 209 202 196 194 211 233 210 204 207 206 226 241 261 296 299 271 191 192 238 303 284 260 299 -9999 -9999 -9999
