trunk/test_basin/input/morph/dem.asc
ncols	288
nrows	432
xllcorner	3973369
yllcorner	2735847
cellsize	500
NODATA_value	-9999
[rows 304 to 341 of 432, columns 86 to 171 of 288]
-9999 -9999 -9999 -9999 -9999 -9999 -9999 -9999 -9999 -9999 -9999 -9999 -9999 -9999 -9999 -9999 427 387 357 374 363 344 330 311 300 300 296 304 337 312 380 331 316 316 287 285 285 285 290 292 311 318 310 307 285 303 301 328 319 317 311 320 367 419 400 421 396 336 356 371 413 400 380 362 364 363 352 341 335 335 335 352 370 338 321 314 300 301 302 300 317 335 335 340 339 339
-9999 -9999 -9999 -9999 -9999 -9999 -9999 -9999 -9999 -9999 -9999 -9999 -9999 -9999 447 412 426 369 366 365 345 334 327 306 300 310 306 314 331 325 366 319 337 327 298 286 285 285 288 316 313 318 325 305 294 285 301 318 311 311 333 332 375 399 413 370 390 343 397 432 388 375 361 354 355 352 357 344 359 362 346 349 373 361 334 321 315 304 305 311 322 342 343 356 350 339
-9999 -9999 -9999 -9999 -9999 -9999 -9999 -9999 -9999 -9999 -9999 -9999 -9999 -9999 -9999 431 366 364 371 357 351 352 321 306 303 320 328 345 367 398 363 346 322 317 305 285 285 285 298 310 322 336 321 306 294 292 285 288 326 342 334 324 335 363 361 367 377 370 391 411 401 371 365 363 354 354 357 356 349 347 346 354 349 377 338 322 319 314 309 305 331 357 357 362 360 348
-9999 -9999 -9999 -9999 -9999 -9999 -9999 -9999 -9999 -9999 -9999 -9999 -9999 -9999 -9999 425 358 347 347 347 345 339 307 309 324 377 426 435 432 369 388 367 348 323 317 295 295 285 298 304 314 328 325 325 306 298 306 305 312 321 324 328 340 337 335 359 394 388 401 390 379 372 379 379 374 352 346 346 346 346 346 365 375 371 364 350 324 318 319 307 305 343 362 367 362 352
-9999 -9999 -9999 -9999 -9999 -9999 -9999 -9999 -9999 -9999 -9999 -9999 -9999 -9999 426 369 362 355 349 350 333 326 318 327 377 405 396 395 354 343 321 320 338 321 317 318 320 292 303 305 336 339 341 307 305 317 311 305 320 310 312 333 338 335 340 347 375 369 368 369 378 365 375 376 356 348 355 348 346 350 346 346 373 366 368 354 335 326 322 319 305 347 361 360 357 348
-9999 -9999 -9999 -9999 -9999 -9999 -9999 -9999 -9999 -9999 -9999 -9999 -9999 410 411 396 388 360 363 356 342 340 327 377 421 384 373 361 384 358 330 321 318 320 311 310 302 310 292 298 317 343 338 326 323 319 309 305 305 305 307 324 335 338 354 349 353 359 370 367 382 373 356 361 350 346 346 346 358 359 346 346 365 367 363 365 360 321 322 324 307 307 367 379 371 362
-9999 -9999 -9999 -9999 -9999 -9999 -9999 -9999 -9999 -9999 -9999 -9999 -9999 -9999 392 388 386 375 356 356 342 344 345 381 377 366 376 359 371 369 342 318 318 318 316 298 298 298 326 314 337 353 351 332 344 317 308 312 305 305 305 305 306 311 321 321 332 335 336 383 386 382 368 346 346 346 346 364 362 351 355 346 350 375 370 369 334 325 320 307 307 307 347 358 367 363
-9999 -9999 -9999 -9999 -9999 -9999 -9999 -9999 -9999 -9999 -9999 -9999 -9999 -9999 376 393 396 393 368 371 346 344 344 353 361 359 371 359 343 343 343 339 324 338 337 316 298 321 334 349 336 331 347 345 341 332 328 319 322 327 305 305 305 316 308 313 334 329 343 352 355 355 357 353 346 346 346 363 362 360 359 346 380 372 369 351 346 330 326 308 307 308 312 315 340 336
-9999 -9999 -9999 -9999 -9999 -9999 -9999 -9999 -9999 -9999 -9999 -9999 -9999 -9999 -9999 384 392 379 362 356 372 362 366 360 339 339 348 344 362 356 349 324 298 298 298 298 298 298 308 323 305 357 377 372 362 384 363 354 337 339 340 305 305 305 319 334 322 345 362 366 368 373 372 362 348 358 360 376 366 346 346 346 358 368 358 351 336 330 331 313 307 309 316 320 315 318
-9999 -9999 -9999 -9999 -9999 -9999 -9999 -9999 -9999 -9999 -9999 -9999 -9999 -9999 -9999 391 396 383 385 379 384 382 376 371 352 331 325 329 344 316 316 316 359 334 309 298 298 298 298 298 306 336 348 371 352 369 393 382 361 343 337 336 305 307 309 326 315 349 360 368 380 380 379 371 369 370 371 377 375 379 346 346 375 382 367 356 341 330 333 332 310 310 337 334 336 316
-9999 -9999 -9999 -9999 -9999 -9999 -9999 -9999 -9999 -9999 -9999 -9999 -9999 -9999 -9999 -9999 -9999 401 399 386 397 381 371 350 341 338 333 325 316 316 359 371 358 325 302 298 301 324 299 298 298 306 353 344 361 373 358 366 370 361 355 333 323 318 307 314 327 328 362 374 381 375 374 371 362 377 378 359 366 376 346 346 371 372 374 353 356 336 330 334 312 315 325 349 352 333
-9999 -9999 -9999 -9999 -9999 -9999 -9999 -9999 -9999 -9999 -9999 -9999 -9999 -9999 -9999 -9999 -9999 -9999 413 404 399 395 380 361 329 324 320 316 316 369 380 355 312 310 328 314 323 354 358 334 298 298 331 327 364 353 353 360 376 366 351 340 338 338 334 316 317 325 344 385 380 379 382 369 362 360 346 346 346 359 346 361 368 385 374 365 361 337 335 335 316 345 347 349 357 344
-9999 -9999 -9999 -9999 -9999 -9999 -9999 -9999 -9999 -9999 -9999 -9999 -9999 -9999 -9999 -9999 -9999 -9999 -9999 411 399 377 378 368 346 341 318 316 317 364 365 345 334 333 324 319 314 329 352 377 349 335 298 321 333 359 367 374 375 361 358 338 358 367 366 353 325 337 381 391 386 371 362 353 353 353 346 346 346 346 349 360 355 371 375 364 340 335 338 335 316 350 363 357 354 333
-9999 -9999 -9999 -9999 -9999 -9999 -9999 -9999 -9999 -9999 -9999 -9999 -9999 -9999 -9999 -9999 -9999 -9999 423 420 416 392 358 369 351 337 323 347 368 368 363 374 333 314 314 314 314 322 355 357 367 356 352 308 319 351 354 363 374 369 358 339 373 374 369 339 335 340 357 384 365 362 366 360 362 346 346 346 346 346 346 346 356 372 366 368 342 349 338 333 318 331 337 349 342 338
-9999 -9999 -9999 -9999 -9999 -9999 -9999 -9999 -9999 -9999 -9999 -9999 -9999 -9999 -9999 -9999 431 421 398 376 400 377 374 356 338 361 370 370 367 358 349 362 323 314 314 314 314 316 321 349 367 376 373 327 308 318 359 375 381 372 355 351 372 384 374 372 371 344 357 371 367 374 373 355 353 346 349 351 346 346 346 349 355 370 374 380 361 354 338 336 318 357 352 363 373 367
-9999 -9999 -9999 -9999 -9999 -9999 -9999 -9999 -9999 -9999 -9999 -9999 -9999 -9999 -9999 -9999 435 390 361 370 359 357 353 364 338 385 383 359 354 352 363 341 336 314 314 314 318 314 332 350 360 374 366 355 349 308 328 367 379 380 364 354 387 383 385 383 344 344 347 365 369 374 369 357 357 351 346 348 353 347 361 353 362 371 384 385 379 372 352 335 318 373 392 383 382 373
-9999 -9999 -9999 -9999 -9999 -9999 -9999 -9999 -9999 -9999 -9999 -9999 -9999 -9999 -9999 -9999 -9999 397 388 357 343 342 342 342 363 388 377 359 354 350 360 348 335 314 314 319 345 336 317 317 330 349 370 338 316 309 316 323 362 374 372 379 394 406 392 352 344 344 360 368 383 371 367 353 346 346 351 350 355 364 361 363 375 379 390 384 394 382 365 339 320 394 373 373 373 380
-9999 -9999 -9999 -9999 -9999 -9999 -9999 -9999 -9999 -9999 -9999 -9999 -9999 -9999 -9999 -9999 -9999 -9999 368 390 367 351 354 388 381 373 364 370 354 350 353 338 318 314 314 348 350 359 317 317 320 341 366 315 311 328 309 312 345 377 390 375 383 394 379 371 368 351 356 369 377 383 375 362 360 360 358 364 377 379 363 363 373 403 417 389 390 360 372 346 332 375 373 373 382 406
-9999 -9999 -9999 -9999 -9999 -9999 -9999 -9999 -9999 -9999 -9999 -9999 -9999 -9999 -9999 -9999 -9999 -9999 -9999 -9999 371 -9999 -9999 -9999 377 364 371 343 343 337 328 347 341 314 314 350 355 360 359 351 334 331 359 319 318 334 332 312 341 373 405 379 395 382 371 384 377 376 367 376 395 379 376 379 389 384 362 358 369 385 395 400 406 408 439 422 362 374 360 369 336 332 389 373 380 405
-9999 -9999 -9999 -9999 -9999 -9999 -9999 -9999 -9999 -9999 -9999 -9999 -9999 -9999 -9999 -9999 -9999 -9999 -9999 -9999 -9999 -9999 -9999 -9999 385 354 343 343 359 328 344 314 314 323 314 333 357 351 364 370 377 344 346 332 345 337 322 321 331 371 370 402 408 371 374 394 381 388 370 367 376 389 411 401 382 376 365 372 382 387 395 403 434 450 452 425 431 445 386 376 332 332 427 392 389 428
-9999 -9999 -9999 -9999 -9999 -9999 -9999 -9999 -9999 -9999 -9999 -9999 -9999 -9999 -9999 -9999 -9999 -9999 -9999 -9999 -9999 -9999 -9999 -9999 -9999 375 343 363 367 343 366 341 334 335 314 335 331 346 373 368 369 383 381 355 343 341 338 330 341 340 361 419 407 380 376 375 369 378 374 367 367 426 389 383 376 392 376 365 397 389 408 417 440 454 425 425 433 454 450 438 332 332 408 370 379 406
-9999 -9999 -9999 -9999 -9999 -9999 -9999 -9999 -9999 -9999 -9999 -9999 -9999 -9999 -9999 -9999 -9999 -9999 -9999 -9999 -9999 -9999 -9999 -9999 -9999 -9999 -9999 -9999 378 346 379 331 321 314 314 314 342 339 355 365 361 366 367 378 358 357 345 341 341 363 400 371 377 370 369 363 363 375 382 374 367 367 379 378 408 405 394 365 390 430 441 447 417 442 451 448 461 454 439 443 354 332 370 403 426 409
-9999 -9999 -9999 -9999 -9999 -9999 -9999 -9999 -9999 -9999 -9999 -9999 -9999 -9999 -9999 -9999 -9999 -9999 -9999 -9999 -9999 -9999 -9999 -9999 -9999 -9999 -9999 -9999 392 384 383 327 331 325 314 314 314 317 315 355 364 368 364 375 386 364 347 341 343 364 380 359 371 369 363 363 363 365 376 388 367 367 428 428 422 414 409 371 383 437 447 449 446 423 455 466 461 417 394 373 357 333 355 467 449 448
-9999 -9999 -9999 -9999 -9999 -9999 -9999 -9999 -9999 -9999 -9999 -9999 -9999 -9999 -9999 -9999 -9999 -9999 -9999 -9999 -9999 -9999 -9999 -9999 -9999 -9999 -9999 -9999 400 375 338 329 317 319 314 316 314 314 314 337 358 356 374 375 393 388 366 355 345 343 356 357 357 363 370 368 363 368 374 393 367 367 406 423 430 390 384 395 390 394 422 466 456 437 456 440 445 434 403 368 356 357 337 362 403 459
-9999 -9999 -9999 -9999 -9999 -9999 -9999 -9999 -9999 -9999 -9999 -9999 -9999 -9999 -9999 -9999 -9999 -9999 -9999 -9999 -9999 -9999 -9999 -9999 -9999 -9999 -9999 -9999 -9999 390 333 335 322 314 314 327 318 314 314 316 321 365 368 367 386 386 377 381 361 356 368 365 357 357 365 373 371 379 384 380 367 367 367 435 424 420 440 398 398 395 421 422 471 445 424 423 413 443 404 381 401 377 380 337 342 355
-9999 -9999 -9999 -9999 -9999 -9999 -9999 -9999 -9999 -9999 -9999 -9999 -9999 -9999 -9999 -9999 -9999 -9999 -9999 -9999 -9999 -9999 -9999 -9999 -9999 -9999 -9999 -9999 -9999 355 342 333 321 314 337 323 315 319 327 314 314 323 358 375 378 376 379 388 396 387 375 373 363 365 357 357 357 375 391 372 381 372 367 409 453 454 461 465 404 401 454 424 468 432 457 452 416 413 471 471 386 402 425 402 352 362
-9999 -9999 -9999 -9999 -9999 -9999 -9999 -9999 -9999 -9999 -9999 -9999 -9999 -9999 -9999 -9999 -9999 -9999 -9999 -9999 -9999 -9999 -9999 -9999 -9999 -9999 -9999 -9999 -9999 -9999 335 332 337 316 355 324 331 325 339 322 319 316 331 347 372 380 380 382 400 400 404 386 373 376 369 370 361 379 382 -9999 391 391 367 419 454 440 437 466 447 464 447 456 457 429 426 416 458 482 439 403 390 471 484 384 375 398
-9999 -9999 -9999 -9999 -9999 -9999 -9999 -9999 -9999 -9999 -9999 -9999 -9999 -9999 -9999 -9999 -9999 -9999 -9999 -9999 -9999 -9999 -9999 -9999 -9999 -9999 -9999 -9999 -9999 -9999 350 343 334 321 330 343 339 337 348 342 344 332 321 339 372 409 406 381 381 391 399 410 405 366 369 382 364 386 -9999 -9999 -9999 -9999 -9999 378 -9999 -9999 -9999 -9999 -9999 -9999 -9999 -9999 479 453 438 454 -9999 -9999 421 395 426 440 419 378 437 445
-9999 -9999 -9999 -9999 -9999 -9999 -9999 -9999 -9999 -9999 -9999 -9999 -9999 -9999 -9999 -9999 -9999 -9999 -9999 -9999 -9999 -9999 -9999 -9999 -9999 -9999 -9999 -9999 -9999 -9999 -9999 353 339 326 326 348 349 345 359 357 351 355 363 348 355 377 396 390 381 381 392 409 371 401 366 359 -9999 -9999 -9999 -9999 -9999 -9999 -9999 -9999 -9999 -9999 -9999 -9999 -9999 -9999 -9999 -9999 -9999 -9999 -9999 -9999 -9999 -9999 -9999 456 479 422 385 383 434 461
-9999 -9999 -9999 -9999 -9999 -9999 -9999 -9999 -9999 -9999 -9999 -9999 -9999 -9999 -9999 -9999 -9999 -9999 -9999 -9999 -9999 -9999 -9999 -9999 -9999 -9999 -9999 -9999 -9999 -9999 -9999 371 342 339 346 358 367 355 367 368 366 376 384 381 360 357 378 393 415 417 381 385 386 387 -9999 -9999 -9999 -9999 -9999 -9999 -9999 -9999 -9999 -9999 -9999 -9999 -9999 -9999 -9999 -9999 -9999 -9999 -9999 -9999 -9999 -9999 -9999 -9999 -9999 505 481 391 466 393 485 517
-9999 -9999 -9999 -9999 -9999 -9999 -9999 -9999 -9999 -9999 -9999 -9999 -9999 -9999 -9999 -9999 -9999 -9999 -9999 -9999 -9999 -9999 -9999 -9999 -9999 -9999 -9999 -9999 -9999 -9999 -9999 -9999 372 371 366 356 371 373 389 378 380 373 396 401 400 377 377 382 397 403 388 -9999 -9999 -9999 -9999 -9999 -9999 -9999 -9999 -9999 -9999 -9999 -9999 -9999 -9999 -9999 -9999 -9999 -9999 -9999 -9999 -9999 -9999 -9999 -9999 -9999 -9999 -9999 435 483 477 432 427 435 425 446
-9999 -9999 -9999 -9999 -9999 -9999 -9999 -9999 -9999 -9999 -9999 -9999 -9999 -9999 -9999 -9999 -9999 -9999 -9999 -9999 -9999 -9999 -9999 -9999 -9999 -9999 -9999 -9999 -9999 -9999 -9999 -9999 -9999 -9999 -9999 -9999 -9999 389 401 402 383 407 395 420 424 416 394 407 395 414 431 -9999 -9999 -9999 -9999 -9999 -9999 -9999 -9999 -9999 -9999 -9999 -9999 -9999 -9999 -9999 -9999 -9999 -9999 -9999 -9999 -9999 -9999 -9999 -9999 -9999 -9999 -9999 -9999 422 426 415 415 415 417 418
-9999 -9999 -9999 -9999 -9999 -9999 -9999 -9999 -9999 -9999 -9999 -9999 -9999 -9999 -9999 -9999 -9999 -9999 -9999 -9999 -9999 -9999 -9999 -9999 -9999 -9999 -9999 -9999 -9999 -9999 -9999 -9999 -9999 -9999 -9999 -9999 -9999 -9999 -9999 -9999 414 407 395 428 435 434 421 394 402 395 -9999 -9999 -9999 -9999 -9999 -9999 -9999 -9999 -9999 -9999 -9999 -9999 -9999 -9999 -9999 -9999 -9999 -9999 -9999 -9999 -9999 -9999 -9999 -9999 -9999 -9999 -9999 -9999 -9999 415 415 427 415 415 408 391
-9999 -9999 -9999 -9999 -9999 -9999 -9999 -9999 -9999 -9999 -9999 -9999 -9999 -9999 -9999 -9999 -9999 -9999 -9999 -9999 -9999 -9999 -9999 -9999 -9999 -9999 -9999 -9999 -9999 -9999 -9999 -9999 -9999 -9999 -9999 -9999 -9999 -9999 -9999 -9999 -9999 448 449 444 -9999 -9999 -9999 -9999 -9999 -9999 -9999 -9999 -9999 -9999 -9999 -9999 -9999 -9999 -9999 -9999 -9999 -9999 -9999 -9999 -9999 -9999 -9999 -9999 -9999 -9999 -9999 -9999 -9999 -9999 -9999 -9999 -9999 -9999 419 415 415 415 439 436 409 393
-9999 -9999 -9999 -9999 -9999 -9999 -9999 -9999 -9999 -9999 -9999 -9999 -9999 -9999 -9999 -9999 -9999 -9999 -9999 -9999 -9999 -9999 -9999 -9999 -9999 -9999 -9999 -9999 -9999 -9999 -9999 -9999 -9999 -9999 -9999 -9999 -9999 -9999 -9999 -9999 -9999 -9999 -9999 -9999 -9999 -9999 -9999 -9999 -9999 -9999 -9999 -9999 -9999 -9999 -9999 -9999 -9999 -9999 -9999 -9999 -9999 -9999 -9999 -9999 -9999 -9999 -9999 -9999 -9999 -9999 -9999 -9999 -9999 -9999 -9999 -9999 -9999 -9999 425 415 415 415 431 438 403 409
-9999 -9999 -9999 -9999 -9999 -9999 -9999 -9999 -9999 -9999 -9999 -9999 -9999 -9999 -9999 -9999 -9999 -9999 -9999 -9999 -9999 -9999 -9999 -9999 -9999 -9999 -9999 -9999 -9999 -9999 -9999 -9999 -9999 -9999 -9999 -9999 -9999 -9999 -9999 -9999 -9999 -9999 -9999 -9999 -9999 -9999 -9999 -9999 -9999 -9999 -9999 -9999 -9999 -9999 -9999 -9999 -9999 -9999 -9999 -9999 -9999 -9999 -9999 -9999 -9999 -9999 -9999 -9999 -9999 -9999 -9999 -9999 -9999 -9999 -9999 -9999 -9999 -9999 417 418 425 434 415 417 418 396
-9999 -9999 -9999 -9999 -9999 -9999 -9999 -9999 -9999 -9999 -9999 -9999 -9999 -9999 -9999 -9999 -9999 -9999 -9999 -9999 -9999 -9999 -9999 -9999 -9999 -9999 -9999 -9999 -9999 -9999 -9999 -9999 -9999 -9999 -9999 -9999 -9999 -9999 -9999 -9999 -9999 -9999 -9999 -9999 -9999 -9999 -9999 -9999 -9999 -9999 -9999 -9999 -9999 -9999 -9999 -9999 -9999 -9999 -9999 -9999 -9999 -9999 -9999 -9999 -9999 -9999 -9999 -9999 -9999 -9999 -9999 -9999 -9999 -9999 -9999 -9999 -9999 -9999 425 417 446 425 421 405 405 411
-9999 -9999 -9999 -9999 -9999 -9999 -9999 -9999 -9999 -9999 -9999 -9999 -9999 -9999 -9999 -9999 -9999 -9999 -9999 -9999 -9999 -9999 -9999 -9999 -9999 -9999 -9999 -9999 -9999 -9999 -9999 -9999 -9999 -9999 -9999 -9999 -9999 -9999 -9999 -9999 -9999 -9999 -9999 -9999 -9999 -9999 -9999 -9999 -9999 -9999 -9999 -9999 -9999 -9999 -9999 -9999 -9999 -9999 -9999 -9999 -9999 -9999 -9999 -9999 -9999 -9999 -9999 -9999 -9999 -9999 -9999 -9999 -9999 -9999 -9999 -9999 -9999 -9999 441 435 440 430 430 422 412 392
