trunk/test_basin/input/morph/facc.asc
ncols	288
nrows	432
xllcorner	3973369
yllcorner	2735847
cellsize	500
NODATA_value	-9999
[rows 172 to 214 of 432, columns 96 to 191 of 288]
1 0 3 1 3 1 0 0 31 650 657 0 0 0 28 2 0 0 6 0 0 1 0 11 16 27752 0 0 0 0 0 0 0 0 1 11 61 3 0 0 1 0 1 0 1 0 3 0 0 5 7 1 3 2 0 2 3269 0 0 4 0 0 14 5 0 5 0 1 1 1 0 0 1 0 0 2 0 3 0 0 0 -9999 -9999 0 1 0 1 2 0 5 5 4 33 2 0 0
0 0 2 0 2 0 0 4 25 0 4 0 0 16 6 0 1 1 0 2 0 2 9 0 2 2 27747 1 0 0 0 0 0 0 7 0 0 55 1 0 0 4 2 0 0 0 0 0 3 0 0 0 0 0 0 0 9 3256 158 156 148 145 127 125 7 0 2 2 2 2 0 0 2 2 0 0 4 0 6 2 0 0 0 0 4 1 5 0 0 0 12 545 539 502 495 492
2 0 0 0 1 0 2 0 23 0 0 0 10 3 2 1 0 0 0 0 0 0 3 1 0 0 27743 1 0 1 0 3 0 0 2 2 0 0 50 39 29 19 0 0 0 0 0 1 0 1 0 1 0 1 3 4 8 3096 0 1 0 0 0 0 115 112 110 10 3 1 0 4 32 0 0 0 15 8 0 1 0 0 2 4 5 5 2 7 0 3 562 0 1 2 0 0
1 0 0 0 0 0 1 18 0 2 0 0 9 2 1 0 0 0 0 1 0 0 0 0 3 5 15 27724 4 0 1 4 5 0 1 0 0 4 4 7 1 0 18 4 2 0 0 0 0 8 11 0 2 0 0 1 0 108 2985 0 0 1 0 0 0 0 1 93 2 0 0 40 0 27 25 23 3 1 0 0 0 0 0 2 0 7 6 11 0 568 0 1 0 1 0 3
11 3 1 0 0 0 0 13 1 0 0 0 7 1 0 0 1 1 2 2 0 0 0 2 0 3 4 0 27717 22 19 13 0 1 0 0 1 1 3 2 3 0 0 11 0 0 1 3 5 0 0 25 27 3 0 0 0 107 2983 0 0 4 1 0 0 0 0 6 82 74 71 0 0 0 0 0 0 0 0 0 3 0 0 0 5 0 9 7 13 576 2 1 0 0 1 2
0 5 4 2 0 0 2 4 3 0 0 1 5 0 0 0 0 39 46 51 3 0 0 0 2 1 1 0 0 27692 0 0 4 3 0 0 0 0 2 1 1 0 0 7 1 0 0 2 7 8 11 1 3 79 82 92 99 6 1 2979 7 0 0 2 0 0 1 2 6 0 2 24 13 8 7 5 4 1 0 2 6 0 0 0 0 7 0 18 604 11 3 0 0 0 1 1
0 0 1 0 0 0 0 2 0 0 0 0 1 0 0 23 32 0 2 0 57 0 0 0 0 0 0 0 27678 10 4 3 2 0 1 0 0 0 0 0 0 0 0 0 3 0 0 2 0 1 0 0 0 41 0 7 4 5 0 0 2969 6 4 0 2 0 0 1 4 0 1 7 1 3 0 0 1 0 0 0 12 0 0 1 0 0 10 629 0 0 10 1 0 0 0 1
0 4 0 1 1 0 0 0 0 0 1 0 0 0 19 6 0 0 0 3 18 80 84 0 0 0 1 2 27676 0 4 1 0 0 1 1 1 0 0 0 0 0 0 0 0 0 0 0 0 0 1 0 19 40 1 4 3 2 1 0 0 2959 0 6 2 1 0 0 2 0 0 5 0 0 1 0 0 0 0 2 0 14 16 0 2 1 642 0 3 0 4 4 0 0 0 0
8 0 7 5 0 0 0 0 0 2 6 0 0 16 2 0 1 0 2 12 0 2 2 90 0 0 0 0 27671 0 1 0 0 0 4 2 1 1 1 1 1 0 0 2 0 0 0 0 0 0 0 17 2 19 0 3 2 1 0 4 7 16 2940 4 3 2 1 0 0 0 1 2 0 0 0 0 0 0 1 7 0 0 1 19 21 27 652 7 4 1 0 3 2 0 0 0
0 9 6 5 1 0 0 2 0 0 1 11 12 0 0 0 0 0 4 6 1 0 0 9 104 112 115 118 27550 0 0 0 1 0 13 6 0 2 4 2 1 0 1 0 4 1 1 3 4 8 13 1 0 14 0 2 1 0 3 1 6 0 2927 0 0 0 0 0 0 0 0 0 0 3 0 1 1 0 1 11 0 0 0 0 0 683 0 0 1 3 1 0 1 0 1 5
1 20 2 0 2 0 0 4 1 0 0 0 0 0 0 0 0 3 3 1 0 0 6 1 2 5 0 0 10 27537 0 1 0 106 88 87 4 0 8 2 0 0 31 23 18 5 0 1 1 1 0 0 2 9 2 1 0 2 0 4 0 0 3 2921 10 7 4 2 0 0 0 0 0 6 0 2 2 0 1 14 0 0 2 1 1 687 2 1 0 0 0 0 0 0 2 10
25 1 0 0 0 0 1 0 5 3 0 1 3 5 4 0 0 0 2 0 0 4 0 1 1 2 0 5 3 2 27531 116 113 4 0 0 80 75 69 46 39 38 3 3 2 6 1 0 0 0 0 1 0 4 1 0 0 0 0 1 0 0 0 2908 0 0 0 0 1 1 0 0 1 10 1 3 3 0 1 18 0 0 1 5 10 694 4 2 1 0 0 0 0 0 0 13
0 0 0 1 0 1 3 0 6 4 0 0 0 0 11 0 0 0 0 0 1 0 0 0 1 1 3 2 0 0 2 27410 0 0 1 0 2 4 12 0 0 0 2 2 1 2 0 0 0 0 0 1 2 0 0 0 0 0 0 0 0 0 0 2906 0 0 0 1 2 3 0 0 1 11 2 8 0 0 1 19 1 0 0 0 708 0 0 0 0 0 2 0 1 0 0 14
401 5 2 0 1 6 0 1 7 5 2 0 0 1 13 1 1 1 0 0 0 0 0 0 0 0 0 1 0 0 0 27408 1 0 0 0 1 3 3 7 0 1 1 1 0 0 0 0 1 2 0 1 0 0 0 16 21 0 0 0 1 47 50 63 2839 0 3 0 3 5 0 0 4 2407 2394 11 0 0 23 0 2311 2308 1 0 710 0 0 1 1 0 4 0 2 0 2 15
0 409 0 1 2 7 3 0 8 9 1 0 0 2 2 16 4 1 0 1 0 0 1 2 0 0 0 0 1 3 0 27405 0 3 1 0 0 2 1 0 5 0 0 0 0 0 0 0 1 7 0 0 6 11 14 0 4 33 35 40 43 0 7 3 3 2832 0 1 4 6 1 0 2414 0 0 2377 2343 2342 2316 2315 1 0 2303 2301 1580 1578 6 2 1 0 6 0 3 1 3 0
0 3 415 419 436 4 0 10 0 12 1 0 0 0 3 25 2 2 0 3 0 0 1 2 5 0 0 0 0 0 15126 1 12274 0 2 1 0 0 0 0 1 0 0 0 0 2 0 0 0 1 11 0 0 2 1 3 0 3 0 2 0 6 2 1 0 18 2807 2789 2784 2774 2763 2758 1 0 0 0 30 23 21 19 0 0 0 7 0 0 1569 2 0 0 9 0 4 2 0 1479
0 0 0 0 2 442 0 11 14 0 0 3 2 0 0 33 4 0 0 5 0 0 3 0 9 0 2 15108 15111 15116 3 0 12268 3 0 1 0 0 0 0 0 1 1 1 0 3 0 1 1 0 16 2 0 1 0 2 1 0 0 0 5 1 0 0 14 2 16 1 3 2 1 0 338 0 0 2 2 0 0 13 3 0 0 4 0 0 8 1556 1543 1540 1537 1513 1510 1503 1495 4
1 0 0 1 0 1 652 666 17 0 0 1 7 0 2 43 0 0 0 8 0 0 1 5 0 11 15106 0 0 2 2 0 3 12259 2 0 1 1 1 0 3 2 2 1 0 4 0 1 4 0 18 0 0 0 0 1 0 0 1 4 0 0 3 7 4 1 15 0 2 1 0 2 9 326 0 0 1 1 0 6 5 1 0 2 0 0 5 11 0 0 12 0 0 3 8 3
0 0 0 0 0 206 0 0 686 0 1 0 2 9 14920 14926 14972 14975 14978 14989 14993 0 0 8 15062 15078 0 10 0 0 1 0 0 12254 1 2 2 2 1 0 4 6 2 0 6 0 0 2 8 19 0 1 0 0 0 1 0 0 1 0 1 0 0 2 3 0 13 0 1 0 1 2 2 2 320 0 0 0 0 0 2 4 1 0 0 4 0 8 0 0 10 0 0 1 7 2
75 77 79 81 202 0 0 0 690 3 0 0 4 14909 0 4 0 0 0 0 42 15037 15039 15051 0 5 7 1 7 0 0 1 11 16 12234 0 6 0 3 0 5 10 0 8 0 1 0 1 32 0 3 1 0 0 1 4 1 0 0 1 4 0 0 0 2 0 12 1 0 0 1 1 0 0 317 0 1 0 0 0 0 0 0 0 1 1 0 5 0 0 7 0 0 6 1 0
0 0 1 117 0 0 0 0 0 695 0 1 14901 0 0 2 0 0 0 5 35 4 8 0 0 4 6 0 6 0 3 8 0 2 2 12226 9 0 5 0 6 11 10 0 3 0 0 0 36 4 2 1 0 0 1 7 0 3 0 0 6 0 0 0 0 0 8 0 0 0 0 0 0 1 29 285 0 0 1 0 1 0 1 0 0 0 0 3 0 0 5 0 1 3 0 0
0 0 111 0 1 0 0 3 4 5 14850 14896 0 0 0 0 1 0 3 34 0 2 0 0 2 0 5 3 1 1 1 1 1 0 0 0 12215 327 326 319 316 307 17 4 1 0 0 1 38 5 5 0 0 0 1 8 1 4 0 22 19 1 0 2 1 1 3 0 0 0 0 0 10 25 0 26 254 252 7 3 0 0 3 0 0 0 0 0 0 0 0 0 0 1 0 2
2 96 11 2 1 0 0 0 0 14146 0 5 37 0 3 0 0 0 1 0 30 2 1 0 0 1 2 2 0 0 0 0 0 0 1 206 1 11676 1 0 0 1 274 4 1 0 1 0 41 6 6 2 0 1 0 13 0 0 66 36 0 8 7 0 0 0 0 0 0 4 5 7 12 0 3 21 0 0 241 0 0 1 4 1 0 0 4 0 0 0 0 0 0 0 0 0
92 0 4 2 1 0 0 0 14140 3 0 0 3 35 5 0 0 0 0 23 0 1 1 0 0 0 0 0 0 0 1 0 0 0 0 203 0 11673 0 0 0 6 0 260 257 255 250 246 242 193 181 170 164 153 134 131 113 110 10 6 34 0 0 1 0 0 0 0 0 0 5 10 0 1 0 19 0 0 9 229 154 152 149 4 0 0 5 0 2 0 2 1 0 1 0 1
0 0 1 1 0 0 0 14131 5 0 1 0 0 0 28 22 0 0 9 11 2 1 0 0 0 2 3 0 0 0 1 5 0 2 199 2 0 11671 0 0 2 2 0 0 0 2 0 1 5 3 2 1 8 15 0 2 0 30 1 0 5 32 0 21 20 0 1 2 0 1 1 0 2 0 15 1 0 6 0 1 71 0 0 137 0 1 7 3 0 1 5 1 4 1 0 0
1 0 0 0 0 0 14058 69 0 3 0 0 0 3 0 19 0 0 6 0 6 0 0 0 0 0 1 6 0 0 0 0 7 194 0 1 0 11668 0 0 0 0 0 0 0 1 0 0 3 2 1 0 7 13 0 1 0 3 24 0 0 3 29 3 0 16 11 1 0 0 0 0 0 11 2 0 4 0 0 0 69 0 0 2 132 124 118 5 0 50 47 40 30 0 1 0
0 0 1 1 1 0 14054 67 0 0 1 0 0 0 0 17 0 0 5 0 2 1 0 0 1 0 0 10 0 2 169 179 183 0 0 0 0 11665 1 0 0 0 0 1 0 0 0 0 1 1 0 0 5 10 1 0 0 1 11 11 0 2 1 0 2 3 0 2 1 0 0 2 10 0 0 2 0 0 0 1 21 44 0 0 6 2 0 102 61 8 0 0 0 28 0 0
0 2 0 4 0 14052 0 1 63 0 1 0 0 0 0 0 12 4 0 2 0 0 0 0 1 2 1 0 160 164 0 7 0 0 0 1 0 11661 0 2 0 1 1 2 1 2 0 0 0 0 0 0 3 7 1 0 0 1 10 9 0 0 0 0 1 0 2 0 0 0 0 0 6 2 0 0 0 0 9 17 0 42 1 0 4 1 2 0 35 18 6 2 0 0 23 19
2 3 3 1 14045 2 0 0 60 2 0 0 12 9 0 0 3 0 3 0 0 0 1 9 0 2 3 147 1 0 0 6 0 0 1 4 12 11646 4 0 6 2 0 0 5 4 1 1 0 1 0 0 1 5 0 0 0 0 7 4 2 1 0 0 0 0 0 0 2 1 0 0 0 0 0 0 0 6 4 1 0 20 17 0 3 0 1 10 1 2 17 2 0 0 2 3
0 1 6 14031 6 3 0 0 11 44 36 31 2 1 7 0 0 1 1 0 0 3 4 0 17 19 135 5 0 0 2 0 0 0 1 2 0 11640 0 8 0 0 1 1 0 13 2 1 2 0 0 0 0 1 2 0 0 4 0 0 2 0 0 0 3 0 0 0 7 0 0 0 0 0 0 0 3 2 0 0 3 15 13 2 0 1 0 9 0 1 0 15 1 0 0 1
0 0 0 14017 0 1 2 0 8 2 2 2 14 0 0 5 3 0 0 0 0 0 0 5 0 0 107 0 3 0 0 0 1 0 1 0 1 5 11632 0 0 0 66 62 59 56 30 19 15 5 3 1 0 0 0 0 1 0 0 0 0 1 0 0 6 0 0 10 0 3 1 0 2 0 1 0 0 0 0 2 1 12 1 10 1 0 4 0 2 0 0 8 5 1 0 0
1 0 13997 17 5 2 0 1 5 1 1 1 1 12 10 8 0 1 0 0 0 1 3 1 13 105 12 0 0 1 0 1 2 2 0 0 1 0 95 11525 0 72 3 0 0 10 0 3 0 7 6 4 1 0 0 0 0 0 0 3 0 1 4 0 7 1 1 12 5 0 1 0 3 1 2 2 0 0 1 0 4 6 0 5 3 0 3 0 1 0 5 0 1 0 0 0
4 13983 10 2 10 1 1 0 3 0 0 0 0 0 0 0 7 5 3 0 0 0 0 10 1 75 8 1 0 0 0 1 2 3 4 0 0 0 94 2 11520 2 0 1 0 1 7 0 1 0 0 0 0 0 0 1 2 1 0 0 4 0 2 14 0 2 2 23 3 2 1 0 6 0 6 4 3 0 0 3 1 3 1 1 0 2 0 0 0 0 1 0 0 0 0 3
13976 6 4 1 1 9 0 0 1 0 0 0 0 0 0 0 0 0 0 0 2 7 9 0 0 70 0 7 0 0 3 4 0 14 50 53 56 92 0 1 11442 0 0 0 2 1 0 5 2 0 0 0 0 2 0 2 5 3 0 0 6 0 5 0 15 20 28 0 0 2 0 8 0 17 8 0 0 0 0 0 0 2 0 0 0 0 0 0 0 0 0 0 0 1 0 0
0 0 5 3 0 0 8 0 0 0 2 0 2 0 2 2 0 1 0 0 0 2 0 0 25 43 0 0 4 0 0 0 9 13 11 0 0 33 0 0 11440 0 9 7 1 0 0 0 0 0 4 0 0 4 0 0 13 0 5 0 8 0 0 8 0 155 104 2 0 4 9 0 21 0 0 0 0 0 1 0 0 0 0 1 2 0 0 0 3 0 0 0 1 3 1 0
0 0 0 2 2 0 0 5 0 0 5 0 4 0 7 0 3 0 0 0 0 0 0 21 0 0 42 0 3 0 0 2 11 0 10 0 16 13 0 0 9 11428 0 0 1 0 0 0 0 6 0 0 0 6 0 2 0 15 17 7 9 0 1 0 169 2 0 99 93 83 76 23 0 0 0 0 0 8 2 1 0 0 1 3 5 1 0 0 7 0 1 0 1 6 0 2
0 0 0 1 0 0 1 2 0 3 7 1 6 8 0 5 0 3 1 2 0 0 1 19 0 0 40 0 0 1 6 9 0 0 8 14 0 11 0 4 2 2 11413 0 0 3 1 1 8 0 0 0 0 9 0 0 1 0 0 27 11 0 0 177 3 0 1 4 8 0 15 24 21 19 16 14 13 0 0 0 0 0 0 0 14 1 0 0 9 3 0 1 0 10 0 1
0 1 2 0 0 0 0 1 0 0 13 2 16 1 7 0 4 6 5 0 0 0 2 15 0 0 36 1 0 0 1 1 0 7 13 2 10 0 2 1 0 0 11410 1 5 0 2 10 0 1 0 1 0 10 0 0 0 3 1 0 242 201 199 11 2 1 0 3 6 0 13 0 1 0 0 0 0 1 0 0 2 5 0 0 0 19 0 0 11 0 7 0 0 11 0 1
2 0 3 2 0 0 0 0 0 0 0 12874 12856 11 0 14 8 0 0 0 0 0 1 7 0 0 35 0 0 0 0 4 5 12 1 0 6 0 0 0 1 2 12 11394 0 3 12 0 0 2 3 1 0 0 12 0 1 0 261 254 9 0 7 2 4 1 0 2 4 0 9 2 0 0 0 4 0 0 0 0 0 3 7 0 0 0 21 0 12 0 9 0 677 674 661 658
4 0 7 1 0 0 3 12910 12908 12905 12878 1 0 12825 17 1 0 1 0 2 0 0 2 2 0 0 31 0 0 0 3 0 9 1 0 0 4 0 2 4 6 8 0 185 11200 18 0 0 1 7 2 2 0 0 14 1 0 274 8 6 3 3 3 2 1 3 0 1 2 0 7 0 0 0 0 5 0 2 0 0 1 0 5 9 0 1 23 1 14 0 0 693 3 0 0 9
6 0 10 0 0 0 12916 0 0 0 23 0 0 0 12805 0 10 7 5 1 0 0 1 1 0 1 3 23 0 0 0 3 3 0 0 1 0 0 0 0 0 0 182 0 0 11179 0 1 10 3 5 1 0 0 1 17 284 7 0 0 5 2 2 2 1 0 2 0 1 1 4 0 0 0 9 0 4 1 0 0 1 0 0 17 1 0 805 778 775 757 752 55 0 1 0 7
13160 13141 13138 12931 12929 12927 5 0 0 1 17 1 0 0 3 12799 2 1 0 0 2 0 0 0 0 2 2 5 11 0 2 0 1 0 0 1 2 0 1 2 3 5 180 0 0 9 11167 11161 22 6 1 0 0 0 4 305 0 1 3 0 0 3 1 1 1 0 0 0 0 0 0 1 0 0 1 11 0 8 0 1 2 0 1 0 849 828 20 0 1 2 0 15 37 1 0 4
10 0 0 193 0 2 2 0 0 1 11 2 0 0 0 12784 0 0 6 4 0 1 0 0 0 0 1 4 0 9 0 0 0 0 2 3 13 14 15 0 0 0 172 0 1 5 4 0 11134 3 0 0 0 1 312 0 0 0 0 1 0 2 0 0 0 0 0 0 0 0 0 0 1 0 1 14 1 9 1 2 3 0 1 856 2 0 15 2 0 1 0 10 2 34 0 1
