trunk/test_basin/input/morph/facc.asc
ncols	288
nrows	432
xllcorner	3973369
yllcorner	2735847
cellsize	500
NODATA_value	-9999
[rows 215 to 257 of 432, columns 96 to 191 of 288]
8 0 0 191 0 0 1 1 0 9 0 0 0 8 11 14 12767 7 1 0 2 0 0 2 0 0 0 0 0 8 7 0 0 0 3 4 0 0 1 18 20 0 169 0 0 4 3 4 0 11123 11115 2 0 320 4 3 2 0 0 0 1 0 0 0 0 0 0 3 0 1 1 0 3 0 1 17 0 2 15 909 905 899 896 12 8 0 14 0 1 0 0 8 0 0 33 0
7 0 0 188 2 0 0 0 2 1 2 0 7 1 0 0 24 12732 4 3 0 1 4 2 0 0 0 0 0 1 0 5 0 0 0 0 1 9 11 13 15 165 1 0 0 3 2 3 0 5 0 11110 324 1 0 0 0 1 4 2 0 0 0 0 3 0 0 5 1 2 3 0 4 0 0 20 1 0 927 0 0 0 23 0 1 7 0 11 0 0 0 6 0 12 0 17
4 0 1 0 180 0 0 0 0 0 1 3 0 0 0 0 23 12724 0 0 1 7 4 0 0 2 0 0 4 0 0 1 0 0 2 0 6 0 0 0 0 126 0 0 0 0 1 2 3 0 1 2 10779 10767 2 0 1 8 0 0 3 0 1 0 5 0 1 7 2 3 5 0 0 997 990 988 963 948 16 1 0 1 4 15 0 0 5 9 0 0 0 3 0 0 10 15
0 3 0 0 178 0 10 0 1 0 0 2 0 0 0 1 21 1 12720 0 10 6 0 0 1 3 0 2 9 2 0 0 0 0 0 4 0 1 2 3 4 16 106 0 0 0 0 1 2 0 1 4 5 0 10762 12 9 1 0 1 5 0 0 4 1108 1101 1098 1094 1080 1074 1058 1027 1024 22 0 2 11 1 0 12 0 0 2 0 14 0 4 0 6 2 0 0 0 0 8 9
0 0 1 0 175 11 0 7 4 0 0 1 0 5 14 20 0 0 10 12706 19 0 0 1 2 0 8 10 2 1 0 0 1 0 0 1 0 2 4 6 8 1 1 101 8 4 0 0 1 0 3 3 0 2 0 10745 2 0 0 2 6 0 0 1115 0 0 0 4 1 10 23 0 1 0 19 1 8 1 0 7 2 0 1 0 11 0 0 3 0 0 0 0 0 7 1 5
0 0 0 0 3 157 5 4 0 2 0 0 0 0 6 0 0 2 6 0 12684 0 1 2 0 13 0 15 0 0 0 0 3 0 1 4 0 0 0 0 0 0 0 90 8 1 2 1 0 2 1 0 1 0 87 1 10650 0 0 1153 1148 1140 1137 10 3 0 0 2 0 9 1 20 0 0 18 0 5 1 0 5 0 0 0 0 4 4 2 0 2 1 0 0 4 0 0 2
2 0 0 0 0 149 0 0 2 1 0 1 0 0 4 0 0 1 5 0 5 12676 12674 19 14 1 16 0 0 2 0 1 0 5 0 5 0 0 0 0 0 0 70 8 1 7 0 0 0 0 0 0 0 0 85 0 3 10643 1157 1 0 0 8 1 3 1 0 1 0 7 0 19 0 1 0 13 2 1 0 1 2 0 0 1 0 1 0 0 1 0 0 0 0 0 0 0
8 0 0 3 9 19 127 0 0 0 2 1 0 0 0 0 0 3 0 2 0 0 0 12650 3 0 18 1 0 4 0 0 10 0 1 0 7 10 13 15 18 45 23 21 5 0 6 2 1 0 3 4 0 81 2 0 2 0 9483 0 0 0 2 4 0 2 0 0 0 6 0 17 0 0 0 12 0 0 0 0 0 0 0 1 0 4 0 0 3 0 1 2 0 0 0 0
0 5 0 4 7 0 124 16 13 10 5 1 0 0 0 0 0 1 0 0 0 0 8 0 12635 8264 22 0 1 5 1 0 11 3 2 0 0 0 0 0 0 23 0 0 20 4 0 1 0 1 2 6 16 77 0 0 1 0 3 9477 6 3 1 1 3 1 0 0 0 4 0 14 0 0 0 0 8 0 0 1 0 1 0 2 0 8 1 0 4 0 0 5 1 0 1 0
0 3 3 5 0 0 106 0 0 0 0 0 0 0 1 2 0 0 0 0 0 5 0 0 4369 0 8239 8235 8233 8226 8217 23 9 4 0 0 0 0 0 1 7 10 1 0 0 17 3 0 0 1 2 3 6 58 0 0 0 0 0 9468 0 0 0 0 0 0 0 0 2 0 5 0 4 0 0 3 1 0 0 0 2 3 0 1 3 9 0 6 0 1 0 9 1 0 0 3
2 0 1 2 1 0 103 4 3 1 0 0 0 1 1 2 3 1 2 0 1 0 0 0 4367 0 2 0 3 1 0 8189 0 0 0 2 0 1 0 3 0 7 1 0 0 15 1 0 0 1 2 5 1 20 28 0 0 0 0 9466 0 0 0 0 0 0 0 0 0 0 1 0 0 0 0 0 0 0 0 2 4 4 0 1 6 10 8 1 0 2 1 10 2 0 6 11
0 1 0 1 0 0 96 0 0 0 7 1 2 0 2 2 3 4 5 0 1 0 1 0 4364 0 0 0 2 0 0 5 8181 0 4 1 0 4 0 0 1 1 4 0 10 0 2 0 0 1 4 0 0 16 25 0 0 3 4 9463 1 1 1 1 0 0 2 1 1 0 0 0 0 0 0 0 0 0 1 0 8 0 6 2176 2173 2164 12 0 1 3 2 11 3 1 20 0
2 0 0 0 0 0 93 0 3 6 0 9 2 4 0 3 3 9 17 0 2 121 125 128 4233 2 1 0 1 0 2 0 6 8171 2 1 8 2 1 0 0 0 1 1 0 8 0 0 0 2 0 0 15 0 21 0 0 1 7 36 9418 0 4 0 6 4 0 4 1 0 2 0 1 1 0 2 1 3 0 3 0 10 2187 0 0 0 2138 2127 2125 2120 2104 2099 2084 24 0 1
0 0 0 1 0 91 2 0 2 1 0 4 19 26 32 46 51 52 80 100 116 0 0 0 4229 0 0 0 0 0 0 4 0 10 8151 9 2 1 0 0 0 0 0 0 0 1 5 0 0 0 0 3 9 0 20 0 1 4 3 23 6 9407 9 7 0 22 20 12 11 6 0 0 1 4 0 1 3 0 4 6 12 2201 0 1 0 7 1 0 1 10 0 1 0 2053 3 0
1 0 0 2 85 1 0 0 1 0 0 1 3 2 6 0 17 25 0 11 0 1 0 1 4227 7 4 2 1 0 1 0 3 5 7 8130 0 0 0 4 1 0 2 0 0 0 3 0 0 0 1 8 0 17 0 0 1 2 22 4 0 9391 0 26 24 0 0 0 0 0 0 0 0 11 14 15 24 0 1 0 2216 0 0 0 0 5 0 0 0 7 1 0 0 2 2044 2033
1 0 0 1 76 1 0 4 2 0 0 2 1 4 0 2 13 5 0 6 2 0 1 4 4216 0 0 0 1 0 0 2 4 5 0 5 8119 0 7 0 1 4 0 1 1 0 0 0 0 4 6 0 0 14 0 0 1 21 2 0 0 7 9381 1 0 0 0 1 0 0 0 0 1 0 0 0 0 25 27 31 2218 0 0 0 0 0 0 0 0 2 2 0 1 0 8 5
2 0 0 5 0 64 5 0 0 1 1 0 2 0 1 2 9 4 0 4 1 0 1 0 4209 0 6 4 1 0 1 3 3 0 1 2 4 8111 0 2 5 0 0 5 0 1 0 0 0 0 0 0 0 11 0 0 20 1 0 3 4 0 9351 0 1 1 3 0 0 1 1 0 1 1 0 0 2 0 1 2254 0 0 2 0 0 0 2 0 0 0 0 1 0 2 4 4
1 0 2 1 0 54 2 0 0 0 0 0 0 0 1 7 0 3 0 2 0 0 0 0 120 4085 4 3 2 0 0 2 2 0 1 2 0 15 8085 10 0 2 6 0 3 0 0 2 0 0 2 5 8 0 10 18 0 0 1 0 1 2 32 9316 2 5 0 0 1 2 3 0 0 4 0 0 0 4 0 6833 4577 4576 4571 3 0 4 0 1 0 2 1 0 0 1 3 3
2 0 1 0 0 0 50 1 0 2 1 0 0 0 5 0 0 1 0 0 0 0 0 117 1 4072 0 1 0 0 0 0 1 0 1 2 5 8 0 8072 4 0 8 5 0 0 4 1 0 0 0 0 0 9 3 2 0 1 2 3 6 27 0 2 9307 2 1 0 2 3 5 0 1 7 0 0 1 0 6843 2 0 2 0 4562 7 1 0 3 7 3 2 1 0 0 2 1
0 1 0 0 1 2 11 32 3 0 1 0 0 3 0 0 0 0 0 0 0 1 111 2 0 1 4068 0 0 2 1 0 0 0 1 1 5 1 0 2 8062 8048 16 0 0 6 3 0 0 0 0 1 2 5 2 1 0 1 0 1 18 0 0 0 9297 0 1 0 3 4 7 0 2 8 0 0 0 6853 5 0 0 1 0 2 4549 4530 4527 16 3 2 1 0 1 0 0 0
0 0 0 1 0 10 0 20 5 3 0 0 0 0 0 0 1 0 1 1 1 1 106 0 1 0 2 4061 5 0 0 0 0 0 0 1 2 0 1 10 1 0 8029 9 7 5 0 0 1 1 0 0 2 1 1 0 0 1 12 15 0 0 21 24 31 9263 9186 9183 9180 9174 9155 9143 13 0 0 6872 6869 13 6 3 0 0 1 1 15 1 0 4507 0 0 0 2 0 0 0 1
0 0 2 0 8 0 0 18 4 0 0 1 1 0 0 1 1 2 1 2 4 85 18 1 0 0 0 0 4053 1 1 1 0 0 0 0 0 0 1 7 0 1 2 8013 7 0 0 3 0 3 0 0 0 0 0 1 3 6 0 0 0 20 1 4 0 75 2 0 0 12 2 0 9126 6877 6876 1 0 4 0 5 1 0 0 0 13 0 1 11 4493 0 4 1 6 4 2 2
0 0 0 4 0 1 11 0 0 2 1 2 0 4 6 0 2 5 0 5 77 0 9 5 0 0 0 1 4050 7 4 1 1 0 0 0 0 0 5 0 0 1 1 0 8001 0 5 0 5 0 7 4 1 0 0 0 0 0 0 11 19 0 2 0 0 71 0 1 4 6 1 0 4 2241 1 0 0 0 2 2 1 0 0 10 1 0 7 0 2 4487 11 8 0 0 4 0
0 0 2 3 0 0 4 0 1 0 4 0 0 0 0 8 9 58 64 68 0 0 8 4 0 2 9 11 4039 0 0 2 0 2 0 3 0 0 3 0 0 0 0 1 16 7982 0 7 0 11 0 0 0 0 0 1 0 4 9 3 0 1 0 0 12 68 0 0 3 5 0 3 0 0 2236 2 0 0 0 0 1 0 0 8 0 5 0 0 0 4469 0 0 1 6 0 0
0 0 0 7 0 1 0 2 0 0 5 0 1 3 1 12 13 24 3 0 0 6 0 3 0 4 0 0 3 4021 3 1 3 6 4 0 0 0 0 0 0 1 6 10 2 7 7966 23 13 0 0 0 2 0 0 0 2 0 3 1 0 0 0 11 40 11 0 1 0 4 1 0 0 1 0 2229 4 2 1 0 0 0 2 3 2 0 0 0 7 10 4456 10 7 1 0 4
0 0 1 0 14 1 0 4 0 11 9 0 0 0 8 0 4 17 0 2 4 0 0 1 1 3 0 0 0 696 3318 12 7 0 1 1 3 1 0 0 1 3 2 1 2 3 0 7940 0 0 1 3 0 0 0 4 0 0 0 0 1 0 9 38 0 9 0 0 2 0 0 0 6 7 8 2223 4 3 2 1 0 0 1 0 0 0 3 5 0 0 4443 0 2 0 5 2
0 2 3 4 0 20 3 22 16 0 0 0 0 2 0 2 8 6 0 1 3 0 0 0 0 0 0 2 0 695 3302 0 1 2 8 5 0 0 0 0 0 1 0 1 2 0 6 14 7923 2 4 1 2 0 0 0 7 0 0 0 0 7 1 0 34 0 8 0 1 1 3 4 1 3 4 2208 2 1 0 0 1 0 0 0 0 2 0 0 1 10 18 4422 1 6 3 7
0 0 1 2 3 0 50 0 0 0 0 0 0 1 0 4 2 4 0 0 2 0 3 0 0 0 1 0 693 0 1 3298 15 11 1 0 1 0 2 0 0 0 0 1 0 4 0 5 3 7914 9 6 2 1 0 0 9 1 3 1 2 0 0 9 22 0 4 1 0 0 0 0 0 0 0 2199 0 0 1 3 0 0 0 1 0 0 0 5 7 2 3 14 4401 4398 13 0
0 0 1 2 3 0 53 0 0 0 0 1 1 2 2 0 1 3 0 0 0 0 2 6 0 0 0 685 2 0 0 3279 2 1 0 0 3 0 4 1 0 0 0 0 2 0 4 1 0 7898 3 2 1 0 0 0 20 9 0 0 1 0 8 0 20 0 2 0 0 0 0 0 0 0 84 1 2110 8 5 0 0 2 3 0 0 0 3 0 1 2 8 4 1 0 4375 9
0 0 1 2 3 8 65 1 0 1 1 2 0 4 0 0 0 0 0 0 0 0 0 11 0 2 677 3 0 0 0 3275 1 0 0 1 5 5 2 1 1 1 0 0 0 2 0 0 1 7893 1 0 0 0 0 24 0 0 0 0 0 4 1 0 12 3 0 0 0 1 3 1 1 1 80 0 2099 0 0 0 4 5 0 0 1 0 0 0 1 4 2 3 0 1 2 4359
0 1 2 3 4 5 73 0 0 3 2 3 0 6 0 1 0 0 1 0 0 1 0 0 13 672 3 0 0 0 1 3271 0 0 1 2 6 9 2 6 3 0 0 0 0 0 0 0 1 7888 0 1 0 29 27 0 0 0 0 0 0 1 0 3 0 6 2 0 0 1 2 4 7 76 2 0 5 2091 8 5 6 0 0 3 0 2 0 0 2 0 1 2 0 1 5 0
0 1 2 3 10 13 18 95 0 4 3 4 1 7 1 2 2 0 3 1 0 0 4 646 652 0 0 2 0 1 9 15 3251 0 0 66 60 52 18 10 3 2 0 0 3 7 11 26 28 41 7842 33 31 0 14 13 11 6 5 0 0 0 2 0 4 0 0 0 0 0 0 11 35 27 0 0 3 0 2080 7 1 0 12 6 4 0 1 0 0 0 0 1 0 3 0 0
-9999 0 1 5 1 2 0 9 110 120 132 139 151 0 5 0 4 0 4 2 0 1 639 5 2 0 1 0 0 6 3 0 3248 0 71 2 0 15 3 0 5 2 0 0 2 1 12 0 2 8 7805 0 20 19 0 0 0 0 0 0 0 0 0 0 0 0 0 0 3 5 6 22 0 26 0 0 2 2 21 2049 17 13 0 0 0 3 0 0 5 4 0 0 1 0 0 4
-9999 0 2 0 1 0 1 6 3 3 6 0 5 165 0 6 0 0 6 3 0 629 2 0 4 1 0 0 4 1 0 0 3163 83 9 0 0 8 5 1 0 1 0 1 0 9 1 1 7 1 5 7797 1 0 2 1 0 0 0 0 2 8 0 0 0 0 0 3 4 18 20 0 0 23 0 0 1 2 14 0 2029 3 1 1 5 0 1 10 3 0 2 0 0 0 2 4
1 0 0 0 0 1 5 2 2 4 0 3 0 19 189 199 202 205 217 0 615 9 0 0 0 2 0 0 0 0 0 0 3161 0 3 3 0 0 6 4 0 0 0 0 8 0 0 6 0 1 0 7773 1 0 0 2 1 2 0 0 3 0 11 0 3 0 0 1 11 0 0 0 1 20 0 0 1 2 10 0 4 2018 10 9 0 0 16 1 0 0 0 0 0 0 2 0
0 0 0 0 0 2 1 1 1 1 2 0 8 9 2 1 0 0 1 598 14 0 7 0 0 0 2 0 0 0 0 3154 4 3 0 2 1 0 2 2 2 0 0 3 3 0 4 0 0 0 1 7770 0 1 4 0 4 0 0 0 0 0 1 12 7 0 0 0 6 0 0 0 0 15 0 0 1 7 1 3 0 0 2005 1 0 19 0 0 0 0 0 1 1 0 0 0
0 0 3 0 0 0 0 0 0 1 1 2 3 8 0 0 0 0 0 376 0 12 0 5 0 1 0 5 9 13 17 3150 0 0 1 0 1 0 0 0 1 0 0 0 2 1 0 0 1 2 3 16 7749 6 0 6 0 0 1 0 0 0 2 0 22 0 0 0 5 0 0 5 8 3 0 0 5 0 0 2 0 60 0 1939 21 0 0 0 0 1 0 5 2 0 1 0
1 0 6 0 0 0 0 0 0 0 0 2 1 4 2 0 0 0 367 5 0 0 9 0 3 0 0 1 1 1 6 11 3118 0 2 1 0 0 0 0 1 0 0 0 0 0 0 2 5 8 10 0 7739 0 7 0 0 1 2 1 0 1 4 0 25 0 0 1 0 0 0 0 1 1 0 0 1 1 1 0 0 58 0 0 1915 1911 3 0 0 1 9 9 5 4 1 0
17 1 0 9 0 0 1 1 1 0 0 0 0 0 0 0 0 352 13 7 3 0 1 4 0 1 0 0 0 5 2 0 5 3109 3 2 1 1 1 3 0 1 0 0 1 0 0 1 1 0 0 1 10 7726 12 3 0 5 0 2 0 1 7 0 28 0 1 0 0 1 2 0 0 0 0 0 0 0 0 0 41 14 0 1 0 6 1899 0 0 3 37 16 0 9 8 0
6 28 31 1 11 0 1 2 4 0 1 0 0 0 1 2 349 1 3 0 6 2 0 2 0 0 0 2 4 1 0 3 0 3101 0 0 2 2 5 0 4 1 0 10 1 0 0 0 0 1 5 6 0 7103 608 605 7 0 1 3 1 2 9 0 29 2 0 0 2 7 0 0 0 1 0 9 17 19 20 36 0 1 10 0 5 0 6 1890 1882 43 0 0 14 0 0 5
0 1 1 43 58 0 1 2 8 0 1 4 0 0 0 0 341 5 0 2 0 4 1 0 0 0 0 0 0 0 1 0 1 13 3085 0 51 47 34 33 15 14 12 0 4 1 0 0 1 2 0 1 2 7102 1 0 595 593 587 581 575 438 434 423 420 379 3 0 12 0 0 0 0 0 5 1 6 0 0 13 0 0 9 3 0 1 2 6 0 1835 2 0 0 2 1 0
0 0 0 7 1 69 84 90 102 105 109 115 117 303 306 334 6 2 4 0 0 3 0 0 0 0 2 0 0 2 3 4 9 0 14 3068 4 2 2 0 10 5 2 0 0 0 0 0 0 1 2 3 4 7098 0 0 0 4 2 0 0 132 0 0 9 0 370 14 0 0 0 0 2 0 0 0 0 2 8 0 1 0 7 2 0 1 4 0 0 0 1829 8 6 5 4 3
0 2 6 0 4 1 11 1 1 0 0 0 183 0 0 18 1 0 1 3 0 0 0 2 2 0 0 5 0 0 2 3 0 5 13 3009 0 0 1 1 0 2 1 0 1 0 0 2 1 0 0 1 2 7091 1 0 0 2 1 0 1 130 0 0 8 0 0 352 3 1 0 6 0 0 1 0 1 0 4 1 0 0 5 1 0 3 0 1 2 0 1819 9 7 5 3 1
