trunk/test_basin/input/morph/slope.asc
ncols	288
nrows	432
xllcorner	3973369
yllcorner	2735847
cellsize	500
NODATA_value	-9999
[rows 264 to 307 of 432, columns 192 to 287 of 288]
1 1 2 2 1 0 3 3 3 2 3 2 1 1 1 2 1 4 3 6 5 0 3 2 3 2 2 1 0 0 0 2 4 2 4 0 4 5 3 4 1 2 2 2 0 7 0 3 2 6 1 5 7 10 9 6 14 18 21 19 13 6 14 4 16 29 26 15 14 10 5 8 11 9 -9999 -9999 -9999 -9999 -9999 -9999 -9999 -9999 -9999 -9999 -9999 -9999 -9999 -9999 -9999 -9999 -9999 -9999 -9999 -9999 -9999 -9999
1 0 1 3 1 1 1 1 2 3 3 2 2 3 2 3 3 4 3 4 6 4 0 2 4 4 4 3 1 0 2 3 1 6 5 4 3 1 2 4 2 3 0 3 6 0 6 6 3 2 7 7 9 16 18 19 24 24 20 12 4 11 22 29 29 17 1 3 11 22 22 16 10 10 -9999 -9999 -9999 -9999 -9999 -9999 -9999 -9999 -9999 -9999 -9999 -9999 -9999 -9999 -9999 -9999 -9999 -9999 -9999 -9999 -9999 -9999
1 0 1 4 2 1 1 0 0 2 2 1 0 2 3 2 5 4 2 2 4 4 4 4 0 4 6 7 5 4 5 4 6 3 4 4 4 2 5 6 6 2 3 4 2 6 4 4 3 3 3 7 13 16 15 20 23 15 9 11 23 26 26 21 9 13 14 17 19 18 10 2 6 6 -9999 -9999 -9999 -9999 -9999 -9999 -9999 -9999 -9999 -9999 -9999 -9999 -9999 -9999 -9999 -9999 -9999 -9999 -9999 -9999 -9999 -9999
1 1 1 3 3 3 3 0 1 1 1 1 2 1 0 3 5 0 4 4 3 1 4 6 7 4 0 4 5 5 6 7 3 3 2 3 4 1 5 3 9 5 9 3 9 9 1 6 5 0 8 15 12 6 4 7 9 7 9 28 26 22 19 7 13 17 12 16 15 8 7 8 4 -9999 -9999 -9999 -9999 -9999 -9999 -9999 -9999 -9999 -9999 -9999 -9999 -9999 -9999 -9999 -9999 -9999 -9999 -9999 -9999 -9999 -9999 -9999
0 0 1 1 1 3 4 2 0 0 1 0 3 3 4 4 1 3 3 2 1 2 3 2 4 6 8 6 1 3 4 2 3 4 2 4 5 4 6 4 11 7 4 11 8 6 11 18 20 20 24 14 2 8 2 5 8 6 15 29 14 9 7 8 20 12 10 22 11 13 6 15 6 -9999 -9999 -9999 -9999 -9999 -9999 -9999 -9999 -9999 -9999 -9999 -9999 -9999 -9999 -9999 -9999 -9999 -9999 -9999 -9999 -9999 -9999 -9999
1 0 2 1 1 2 3 4 4 2 1 0 1 2 3 1 2 2 2 3 2 2 3 0 2 3 6 8 5 0 2 3 3 4 4 6 4 5 6 6 13 15 18 12 2 13 19 18 12 9 10 0 4 12 13 15 8 4 24 25 6 3 2 5 18 25 24 25 23 32 26 28 18 4 -9999 -9999 -9999 -9999 -9999 -9999 -9999 -9999 -9999 -9999 -9999 -9999 -9999 -9999 -9999 -9999 -9999 -9999 -9999 -9999 -9999 -9999
2 1 1 0 1 1 1 2 4 6 5 3 1 1 1 0 1 2 2 2 0 2 2 0 0 3 1 7 6 2 0 2 3 4 5 5 4 6 7 4 10 12 9 6 14 16 13 8 12 8 8 2 3 9 10 5 8 21 27 17 1 10 16 15 4 10 22 32 35 25 9 12 21 -9999 -9999 -9999 -9999 -9999 -9999 -9999 -9999 -9999 -9999 -9999 -9999 -9999 -9999 -9999 -9999 -9999 -9999 -9999 -9999 -9999 -9999 -9999
3 2 1 0 1 1 0 1 2 3 5 5 6 4 3 1 0 3 3 1 1 3 0 0 2 3 0 6 4 4 4 1 0 4 6 4 4 9 6 2 2 2 5 13 18 10 0 8 6 4 11 7 6 5 8 10 23 27 17 3 8 19 17 12 13 2 5 8 4 4 14 12 19 -9999 -9999 -9999 -9999 -9999 -9999 -9999 -9999 -9999 -9999 -9999 -9999 -9999 -9999 -9999 -9999 -9999 -9999 -9999 -9999 -9999 -9999 -9999
3 3 1 0 0 1 1 1 1 1 1 3 5 6 6 5 0 3 3 1 2 3 2 2 5 2 4 5 2 4 5 3 2 1 5 7 6 5 1 3 7 6 9 15 12 8 11 1 5 5 6 6 5 2 5 20 27 19 7 5 10 13 11 15 11 3 2 9 10 11 18 19 15 -9999 -9999 -9999 -9999 -9999 -9999 -9999 -9999 -9999 -9999 -9999 -9999 -9999 -9999 -9999 -9999 -9999 -9999 -9999 -9999 -9999 -9999 -9999
0 1 2 2 0 1 1 0 1 1 2 2 3 3 4 6 4 2 1 4 3 4 2 3 3 3 6 3 6 7 8 4 2 3 1 2 2 1 4 12 17 18 18 11 5 14 10 11 4 1 3 6 6 9 16 22 15 7 1 5 9 11 12 10 3 1 2 8 9 7 16 19 2 -9999 -9999 -9999 -9999 -9999 -9999 -9999 -9999 -9999 -9999 -9999 -9999 -9999 -9999 -9999 -9999 -9999 -9999 -9999 -9999 -9999 -9999 -9999
2 1 0 1 1 0 0 0 1 1 1 0 1 2 3 4 4 1 2 2 3 4 2 1 1 4 2 5 7 3 8 3 5 7 9 11 7 3 4 12 13 12 12 9 9 2 11 13 7 11 8 2 7 15 19 16 5 1 1 4 5 5 1 5 8 9 7 5 8 7 15 21 -9999 -9999 -9999 -9999 -9999 -9999 -9999 -9999 -9999 -9999 -9999 -9999 -9999 -9999 -9999 -9999 -9999 -9999 -9999 -9999 -9999 -9999 -9999 -9999
2 2 2 1 0 1 0 0 0 0 0 0 1 3 2 2 4 2 3 3 2 2 1 1 2 2 1 6 4 5 7 1 7 13 22 22 17 5 6 13 13 6 11 22 8 12 6 11 10 3 10 15 21 19 13 7 1 2 3 3 2 3 5 7 7 7 7 6 7 9 14 7 -9999 -9999 -9999 -9999 -9999 -9999 -9999 -9999 -9999 -9999 -9999 -9999 -9999 -9999 -9999 -9999 -9999 -9999 -9999 -9999 -9999 -9999 -9999 -9999
1 1 0 1 0 1 2 1 0 0 0 0 1 3 2 1 2 2 3 4 2 2 1 1 3 4 4 8 4 9 3 7 14 21 17 13 17 10 6 14 12 8 18 15 7 19 13 11 4 19 23 18 11 6 3 0 2 6 7 6 7 4 5 9 7 5 7 8 7 9 14 5 -9999 -9999 -9999 -9999 -9999 -9999 -9999 -9999 -9999 -9999 -9999 -9999 -9999 -9999 -9999 -9999 -9999 -9999 -9999 -9999 -9999 -9999 -9999 -9999
1 0 1 2 2 1 2 1 0 1 1 1 1 3 2 3 5 4 3 3 1 2 1 3 3 5 6 5 7 6 5 14 17 17 4 18 13 10 1 15 21 21 13 3 14 20 9 11 19 19 11 4 0 4 4 4 7 7 5 5 6 5 1 10 9 5 4 4 6 5 11 7 -9999 -9999 -9999 -9999 -9999 -9999 -9999 -9999 -9999 -9999 -9999 -9999 -9999 -9999 -9999 -9999 -9999 -9999 -9999 -9999 -9999 -9999 -9999 -9999
1 1 2 2 1 1 3 2 2 2 2 2 3 3 3 2 4 5 6 5 4 3 2 3 4 5 6 0 5 3 7 11 12 10 12 16 6 12 9 0 5 8 7 4 15 13 20 22 17 8 0 3 6 8 8 5 9 6 5 5 5 5 6 4 10 10 8 3 4 5 5 6 -9999 -9999 -9999 -9999 -9999 -9999 -9999 -9999 -9999 -9999 -9999 -9999 -9999 -9999 -9999 -9999 -9999 -9999 -9999 -9999 -9999 -9999 -9999 -9999
1 2 2 1 0 0 2 3 3 3 3 3 3 4 4 4 5 4 2 0 2 1 0 2 2 4 6 5 9 8 6 8 7 14 14 6 7 12 12 3 0 2 3 3 10 11 8 3 0 2 7 9 7 4 6 3 8 3 8 15 14 9 8 8 4 7 9 5 3 4 5 8 8 -9999 -9999 -9999 -9999 -9999 -9999 -9999 -9999 -9999 -9999 -9999 -9999 -9999 -9999 -9999 -9999 -9999 -9999 -9999 -9999 -9999 -9999 -9999
0 2 2 1 0 1 1 1 2 3 3 3 4 5 3 2 3 3 3 3 2 2 2 3 3 6 6 2 2 2 3 2 8 13 14 11 9 14 12 2 2 4 5 6 7 4 1 2 5 7 9 6 3 2 3 4 4 5 9 12 5 7 4 7 8 5 6 8 8 10 7 6 6 -9999 -9999 -9999 -9999 -9999 -9999 -9999 -9999 -9999 -9999 -9999 -9999 -9999 -9999 -9999 -9999 -9999 -9999 -9999 -9999 -9999 -9999 -9999
1 1 2 2 1 1 2 1 1 2 3 3 2 2 0 2 3 3 4 2 2 3 4 4 4 4 3 2 5 5 6 8 8 8 7 12 14 12 6 0 3 5 5 5 4 4 4 3 4 4 4 3 3 5 5 6 2 3 9 15 12 4 3 6 8 7 3 2 5 12 10 7 5 -9999 -9999 -9999 -9999 -9999 -9999 -9999 -9999 -9999 -9999 -9999 -9999 -9999 -9999 -9999 -9999 -9999 -9999 -9999 -9999 -9999 -9999 -9999
2 1 0 2 2 2 2 2 2 2 1 1 0 1 1 2 3 3 2 1 2 4 6 5 1 0 3 4 5 5 7 8 7 6 3 3 3 2 1 0 4 6 4 2 1 2 2 4 4 5 3 2 2 4 4 6 5 2 4 7 7 7 6 6 6 10 11 7 8 14 12 8 -9999 -9999 -9999 -9999 -9999 -9999 -9999 -9999 -9999 -9999 -9999 -9999 -9999 -9999 -9999 -9999 -9999 -9999 -9999 -9999 -9999 -9999 -9999 -9999
1 3 2 1 2 1 2 3 4 5 4 3 1 1 1 3 2 2 1 3 3 4 5 6 7 5 0 7 6 1 3 3 2 2 1 0 0 1 1 1 3 5 5 6 6 6 6 3 2 3 4 3 2 3 2 3 4 4 3 2 2 6 6 7 8 7 11 10 6 14 12 4 -9999 -9999 -9999 -9999 -9999 -9999 -9999 -9999 -9999 -9999 -9999 -9999 -9999 -9999 -9999 -9999 -9999 -9999 -9999 -9999 -9999 -9999 -9999 -9999
1 3 3 1 1 1 0 0 1 1 3 4 2 3 3 1 1 2 3 4 5 4 0 3 3 5 3 8 5 2 5 3 3 3 2 2 2 3 2 3 2 4 2 2 3 4 6 9 10 10 9 6 2 3 2 1 3 4 5 5 6 9 8 7 12 10 9 13 12 13 9 1 -9999 -9999 -9999 -9999 -9999 -9999 -9999 -9999 -9999 -9999 -9999 -9999 -9999 -9999 -9999 -9999 -9999 -9999 -9999 -9999 -9999 -9999 -9999 -9999
0 3 3 0 1 1 1 1 1 0 1 2 2 1 1 3 3 4 4 4 6 5 6 6 5 6 3 8 5 1 4 3 1 3 3 4 4 4 4 4 0 3 3 3 3 3 4 5 6 7 10 12 10 7 5 3 1 2 2 3 5 7 8 6 10 10 4 11 14 10 1 7 -9999 -9999 -9999 -9999 -9999 -9999 -9999 -9999 -9999 -9999 -9999 -9999 -9999 -9999 -9999 -9999 -9999 -9999 -9999 -9999 -9999 -9999 -9999 -9999
1 2 2 0 0 1 1 1 1 0 1 1 1 2 4 3 1 3 4 5 6 4 4 4 4 3 1 8 5 2 3 2 0 1 2 3 4 2 3 4 2 0 2 2 2 3 2 1 3 4 4 9 12 11 10 7 4 5 6 5 4 6 9 6 6 9 7 4 2 3 4 6 12 14 -9999 -9999 -9999 -9999 -9999 -9999 -9999 -9999 -9999 -9999 -9999 -9999 -9999 -9999 -9999 -9999 -9999 -9999 -9999 -9999 -9999 -9999
0 2 1 0 1 1 0 1 1 2 1 0 1 2 3 2 0 4 5 3 3 3 2 3 4 2 4 8 5 2 2 1 0 0 1 2 1 2 3 3 3 1 3 3 4 4 4 4 5 3 1 0 4 7 10 12 11 5 1 1 1 5 11 8 7 9 6 4 12 12 10 11 15 11 -9999 -9999 -9999 -9999 -9999 -9999 -9999 -9999 -9999 -9999 -9999 -9999 -9999 -9999 -9999 -9999 -9999 -9999 -9999 -9999 -9999 -9999
0 1 1 0 1 1 1 2 0 1 2 2 1 2 2 3 1 4 5 2 3 4 3 1 2 5 8 5 1 1 1 1 1 0 1 2 0 2 2 3 3 0 2 2 3 4 6 6 6 4 4 6 6 5 3 9 17 16 10 7 6 7 13 10 7 7 7 12 15 15 18 20 15 5 0 2 2 -9999 -9999 -9999 -9999 -9999 -9999 -9999 -9999 -9999 -9999 -9999 -9999 -9999 -9999 -9999 -9999 -9999 -9999 -9999
0 1 1 0 2 1 2 3 3 0 1 1 1 2 2 3 3 4 4 4 5 3 2 4 2 4 9 5 4 5 3 1 1 0 1 1 0 1 1 3 4 1 2 4 2 2 2 3 5 5 5 5 5 4 3 2 5 13 8 0 2 6 10 9 6 6 7 12 13 11 12 12 7 4 2 4 7 9 6 -9999 -9999 -9999 -9999 -9999 -9999 -9999 -9999 -9999 -9999 -9999 -9999 -9999 -9999 -9999 -9999 -9999
1 1 0 0 1 1 3 1 3 2 1 1 0 1 1 3 5 5 4 4 5 3 0 2 3 1 7 10 9 7 4 2 1 1 2 1 1 2 2 3 2 2 0 4 3 3 4 7 11 13 12 7 4 4 4 4 3 8 9 2 4 6 9 9 3 2 4 7 8 8 10 6 5 6 3 4 8 7 7 -9999 -9999 -9999 -9999 -9999 -9999 -9999 -9999 -9999 -9999 -9999 -9999 -9999 -9999 -9999 -9999 -9999
0 0 0 0 0 1 2 1 2 3 1 1 1 0 1 5 10 8 8 8 6 2 0 1 2 4 6 5 4 8 3 3 2 1 2 2 2 2 2 3 2 2 1 2 3 4 7 12 11 4 6 14 14 10 6 6 7 6 5 6 6 5 10 9 10 12 14 12 11 10 10 2 5 5 7 11 14 13 8 3 2 3 -9999 -9999 -9999 -9999 -9999 -9999 -9999 -9999 -9999 -9999 -9999 -9999 -9999 -9999
1 1 1 0 0 2 3 1 1 3 0 2 1 1 1 6 10 5 1 1 1 2 1 2 4 4 1 3 6 8 2 2 2 1 5 6 7 3 1 3 2 1 2 1 1 3 9 13 13 15 11 3 5 5 5 8 12 15 18 15 10 6 5 5 12 14 15 15 15 13 7 2 5 4 7 11 14 12 10 7 4 4 1 -9999 -9999 -9999 -9999 -9999 -9999 -9999 -9999 -9999 -9999 -9999 -9999 -9999
2 1 1 1 1 3 3 1 1 3 1 2 1 1 1 4 9 8 4 4 2 2 1 4 3 0 4 5 8 7 3 2 0 2 9 10 11 6 1 4 1 2 3 3 0 1 7 10 10 11 14 13 15 9 4 6 5 15 23 27 27 25 21 15 11 5 4 3 5 6 5 5 7 6 5 5 6 5 4 4 7 8 5 5 2 -9999 -9999 -9999 -9999 -9999 -9999 -9999 -9999 -9999 -9999 -9999
1 1 1 0 0 2 3 1 1 3 2 2 2 1 2 2 5 5 4 5 3 1 4 5 1 5 6 8 8 5 1 1 2 2 10 7 8 9 5 1 6 8 7 5 2 0 3 4 3 8 10 12 10 8 7 9 8 18 16 9 6 9 14 24 19 5 3 2 5 6 4 4 6 5 4 2 4 7 8 8 8 10 9 7 10 12 13 -9999 -9999 -9999 -9999 -9999 -9999 -9999 -9999 -9999
1 0 0 0 1 1 3 2 1 3 3 2 2 0 2 2 5 4 3 4 4 2 1 3 3 6 3 5 8 7 6 6 5 4 8 9 7 11 6 10 17 13 9 9 8 2 1 5 7 4 3 3 3 9 12 17 21 25 10 15 18 17 12 23 18 8 4 5 7 7 3 1 2 3 8 12 9 5 3 2 5 6 5 9 15 8 10 -9999 -9999 -9999 -9999 -9999 -9999 -9999 -9999 -9999
1 1 1 1 1 0 2 3 2 1 4 1 2 1 2 2 6 6 4 4 2 3 4 4 1 3 5 5 6 7 16 18 11 7 13 15 13 15 15 23 20 19 13 17 19 8 1 5 8 2 1 3 4 11 15 22 19 7 11 26 14 18 22 23 13 9 6 7 7 4 0 3 5 8 12 10 13 16 17 16 15 17 18 11 12 9 -9999 -9999 -9999 -9999 -9999 -9999 -9999 -9999 -9999 -9999
1 0 1 1 0 0 1 3 2 1 4 4 2 3 2 2 4 7 5 3 3 1 2 4 2 3 3 2 4 8 12 12 15 16 16 11 10 14 21 22 14 20 20 18 25 17 5 3 7 6 4 5 6 13 17 22 24 27 32 25 13 17 21 15 11 7 6 5 3 1 2 5 7 7 8 6 6 6 7 11 14 15 13 15 15 12 3 -9999 -9999 -9999 -9999 -9999 -9999 -9999 -9999 -9999
0 1 1 0 1 1 0 2 3 2 2 5 2 2 3 4 3 3 4 4 4 4 5 4 2 2 3 6 9 8 7 1 5 11 8 5 5 10 14 8 2 5 5 10 17 17 7 0 3 3 3 4 3 8 17 27 32 27 21 12 10 13 12 7 4 3 6 5 3 0 4 4 6 5 5 7 6 7 6 8 9 6 8 11 10 8 7 -9999 -9999 -9999 -9999 -9999 -9999 -9999 -9999 -9999
1 1 0 0 1 2 2 2 4 3 1 2 2 0 4 5 5 8 8 7 7 5 1 1 3 3 1 1 3 4 1 1 4 2 3 4 4 6 2 9 11 8 13 23 20 13 4 1 1 2 2 4 4 3 3 6 13 14 10 8 8 7 6 4 4 6 8 7 4 2 4 4 7 9 10 12 12 10 8 11 17 10 10 3 -9999 -9999 -9999 -9999 -9999 -9999 -9999 -9999 -9999 -9999 -9999 -9999
3 0 0 0 2 2 2 0 4 2 3 1 3 4 1 7 6 4 1 1 1 4 6 6 6 5 4 4 5 2 3 1 4 6 9 7 7 9 3 9 5 7 14 19 10 1 7 12 9 2 1 3 6 7 7 4 3 5 6 6 6 4 3 5 6 6 6 2 1 3 3 5 9 8 3 1 5 9 9 6 11 12 14 3 -9999 -9999 -9999 -9999 -9999 -9999 -9999 -9999 -9999 -9999 -9999 -9999
3 2 2 2 1 0 1 0 2 2 1 4 4 3 3 2 7 9 7 6 6 5 4 1 3 3 1 3 6 3 5 5 6 6 3 4 10 5 7 6 7 12 15 15 7 4 16 15 18 8 2 0 0 1 4 4 2 1 0 1 3 4 3 4 4 3 2 1 3 6 8 8 12 11 12 12 8 12 10 10 15 24 14 -9999 -9999 -9999 -9999 -9999 -9999 -9999 -9999 -9999 -9999 -9999 -9999 -9999
1 2 2 0 0 0 1 3 2 1 3 6 3 2 3 5 0 7 3 1 1 1 3 4 5 2 2 3 7 3 6 4 2 2 8 10 8 5 18 19 18 16 10 9 2 12 21 14 22 16 4 1 1 0 1 3 4 3 2 3 3 4 4 3 3 2 0 5 9 11 10 7 11 6 8 11 12 9 12 9 18 18 -9999 -9999 -9999 -9999 -9999 -9999 -9999 -9999 -9999 -9999 -9999 -9999 -9999 -9999
0 0 0 1 1 1 2 2 1 1 3 7 2 2 2 5 1 8 7 6 7 4 3 6 3 2 1 1 5 8 4 5 8 7 7 4 5 18 19 11 9 1 12 14 16 22 21 7 18 17 5 3 2 0 0 1 3 4 5 4 3 3 2 1 0 2 5 5 8 5 7 11 14 14 14 15 17 19 19 18 16 4 -9999 -9999 -9999 -9999 -9999 -9999 -9999 -9999 -9999 -9999 -9999 -9999 -9999 -9999
0 0 0 0 1 1 2 1 0 1 3 5 4 1 0 5 2 9 7 1 0 3 2 7 1 3 2 5 7 8 8 11 7 8 5 3 12 16 5 6 2 11 8 11 9 18 8 11 19 12 3 2 2 0 0 0 0 2 1 0 0 1 1 2 2 4 6 6 6 6 12 13 13 14 10 4 2 5 13 13 9 -9999 -9999 -9999 -9999 -9999 -9999 -9999 -9999 -9999 -9999 -9999 -9999 -9999 -9999 -9999
0 0 0 0 0 1 1 2 0 1 3 4 5 4 4 7 4 7 4 2 1 3 4 8 8 8 5 0 7 8 4 12 13 8 3 9 13 16 13 10 7 11 10 5 4 15 11 15 19 6 4 4 3 0 0 1 1 1 0 0 2 4 5 7 6 1 7 9 10 8 15 12 3 8 8 14 12 15 18 15 14 -9999 -9999 -9999 -9999 -9999 -9999 -9999 -9999 -9999 -9999 -9999 -9999 -9999 -9999 -9999
0 0 0 1 1 1 2 3 2 2 4 7 7 3 0 2 3 3 6 2 3 6 4 5 8 4 2 4 8 13 12 1 12 16 11 5 15 17 11 12 9 5 13 5 3 8 17 12 23 4 3 5 2 1 2 2 2 2 2 1 5 8 9 9 7 5 6 13 6 7 17 21 20 20 16 8 10 17 24 13 -9999 -9999 -9999 -9999 -9999 -9999 -9999 -9999 -9999 -9999 -9999 -9999 -9999 -9999 -9999 -9999
0 0 1 1 1 1 2 2 1 2 4 5 3 0 2 0 2 2 8 7 8 2 8 11 11 14 8 4 12 7 8 12 4 9 17 11 5 11 18 14 7 1 9 15 13 12 16 16 21 5 4 5 1 2 2 2 3 4 4 3 5 7 4 1 5 6 1 10 10 9 10 13 11 10 7 9 18 15 14 -9999 -9999 -9999 -9999 -9999 -9999 -9999 -9999 -9999 -9999 -9999 -9999 -9999 -9999 -9999 -9999 -9999
