trunk/test_basin/input/morph/slope.asc
ncols	288
nrows	432
xllcorner	3973369
yllcorner	2735847
cellsize	500
NODATA_value	-9999
[rows 308 to 351 of 432, columns 192 to 287 of 288]
1 1 1 1 0 1 1 1 0 1 2 4 4 2 6 7 6 6 4 3 7 15 12 10 11 12 10 10 6 11 3 7 9 2 15 16 13 10 20 8 3 0 0 1 5 12 13 16 12 4 3 3 3 6 6 5 6 6 5 4 2 6 6 4 7 9 4 3 3 3 10 14 16 16 16 13 15 15 6 -9999 -9999 -9999 -9999 -9999 -9999 -9999 -9999 -9999 -9999 -9999 -9999 -9999 -9999 -9999 -9999 -9999
1 1 1 1 1 1 1 1 2 3 5 5 3 4 4 4 7 8 0 5 9 8 4 1 5 1 12 5 9 1 8 6 4 10 3 7 11 5 17 7 2 2 3 4 6 4 4 5 4 3 2 1 4 6 6 9 10 8 6 4 4 5 7 8 4 10 6 4 7 12 13 16 19 24 26 21 8 16 -9999 -9999 -9999 -9999 -9999 -9999 -9999 -9999 -9999 -9999 -9999 -9999 -9999 -9999 -9999 -9999 -9999 -9999
1 1 1 2 2 2 2 2 2 6 7 5 2 5 2 3 8 7 0 3 9 16 15 10 9 5 8 8 6 7 2 7 6 7 10 3 9 8 15 7 2 3 4 6 8 5 4 3 5 4 2 1 4 6 4 4 1 4 6 6 8 10 9 6 3 9 4 2 7 9 7 14 15 13 9 11 6 -9999 -9999 -9999 -9999 -9999 -9999 -9999 -9999 -9999 -9999 -9999 -9999 -9999 -9999 -9999 -9999 -9999 -9999 -9999
2 2 2 2 2 2 3 4 4 6 5 2 4 2 3 2 9 7 0 2 2 2 10 12 14 6 11 10 6 7 6 5 10 4 9 6 1 4 9 7 3 0 6 7 4 4 3 3 5 3 2 1 3 4 4 7 7 2 4 8 10 11 11 8 6 8 2 4 3 7 7 10 12 13 16 1 -9999 -9999 -9999 -9999 -9999 -9999 -9999 -9999 -9999 -9999 -9999 -9999 -9999 -9999 -9999 -9999 -9999 -9999 -9999 -9999
3 1 2 4 3 2 4 5 5 7 5 4 4 3 4 3 9 6 0 2 1 2 0 4 16 13 6 7 8 8 11 11 10 4 10 7 8 8 10 12 7 4 3 8 6 1 4 5 5 3 1 1 2 2 3 2 5 7 8 9 8 10 12 12 13 9 3 11 12 11 14 15 16 14 17 -9999 -9999 -9999 -9999 -9999 -9999 -9999 -9999 -9999 -9999 -9999 -9999 -9999 -9999 -9999 -9999 -9999 -9999 -9999 -9999 -9999
3 1 2 2 2 3 5 5 4 8 8 8 6 5 1 5 5 5 2 1 1 1 1 3 12 17 6 3 3 5 2 2 4 3 7 10 12 11 9 12 12 6 2 5 6 1 4 7 5 2 1 0 1 1 2 4 7 7 5 4 8 13 13 13 19 9 5 11 9 11 12 13 15 13 17 -9999 -9999 -9999 -9999 -9999 -9999 -9999 -9999 -9999 -9999 -9999 -9999 -9999 -9999 -9999 -9999 -9999 -9999 -9999 -9999 -9999
4 2 2 3 4 5 5 6 8 8 3 0 4 6 2 1 6 9 7 5 3 2 5 9 17 13 1 6 5 4 9 11 12 7 2 5 5 7 6 5 8 5 5 6 2 4 3 8 5 1 1 2 1 1 2 3 7 9 9 8 9 10 4 13 19 7 11 7 11 6 1 15 16 11 16 -9999 -9999 -9999 -9999 -9999 -9999 -9999 -9999 -9999 -9999 -9999 -9999 -9999 -9999 -9999 -9999 -9999 -9999 -9999 -9999 -9999
6 4 3 4 6 9 10 9 3 2 7 9 7 5 0 3 3 7 7 5 6 7 10 16 17 8 8 3 8 10 10 5 11 14 6 4 4 9 9 5 4 7 9 4 3 5 6 6 5 1 1 5 8 8 8 6 2 4 7 10 11 14 7 14 10 10 13 11 14 6 6 12 18 13 16 -9999 -9999 -9999 -9999 -9999 -9999 -9999 -9999 -9999 -9999 -9999 -9999 -9999 -9999 -9999 -9999 -9999 -9999 -9999 -9999 -9999
5 6 5 6 10 11 6 3 7 9 8 6 5 3 1 4 4 3 4 2 7 12 18 12 4 10 11 9 8 8 6 2 6 16 13 6 1 8 14 9 5 10 10 11 8 4 2 5 3 1 2 7 7 10 12 13 11 8 3 9 10 11 3 10 8 12 11 12 14 10 11 12 11 13 13 -9999 -9999 -9999 -9999 -9999 -9999 -9999 -9999 -9999 -9999 -9999 -9999 -9999 -9999 -9999 -9999 -9999 -9999 -9999 -9999 -9999
3 6 10 13 13 6 4 6 8 2 1 1 2 2 1 2 4 3 0 6 14 18 12 6 11 13 12 9 4 1 0 1 1 10 15 14 11 0 15 11 6 8 7 13 15 13 12 10 0 3 5 9 8 10 14 15 15 13 11 11 10 6 2 4 13 16 15 12 11 9 11 12 15 24 12 -9999 -9999 -9999 -9999 -9999 -9999 -9999 -9999 -9999 -9999 -9999 -9999 -9999 -9999 -9999 -9999 -9999 -9999 -9999 -9999 -9999
6 8 11 8 4 2 7 6 6 1 0 2 0 1 1 1 1 2 6 12 16 6 12 15 9 5 3 2 1 5 9 8 4 3 7 11 16 16 17 8 6 9 6 7 10 4 11 11 1 5 7 9 11 13 14 13 16 18 19 15 7 3 0 4 18 16 14 12 13 14 18 18 14 20 -9999 -9999 -9999 -9999 -9999 -9999 -9999 -9999 -9999 -9999 -9999 -9999 -9999 -9999 -9999 -9999 -9999 -9999 -9999 -9999 -9999 -9999
5 6 5 3 5 5 6 6 6 3 2 1 0 1 1 1 2 3 7 11 10 15 18 10 5 2 1 3 11 20 21 16 11 1 1 5 11 13 10 4 5 12 10 4 13 12 10 7 1 5 6 7 11 10 8 7 2 4 8 11 15 13 8 6 18 15 12 18 20 22 24 21 16 7 -9999 -9999 -9999 -9999 -9999 -9999 -9999 -9999 -9999 -9999 -9999 -9999 -9999 -9999 -9999 -9999 -9999 -9999 -9999 -9999 -9999 -9999
2 3 4 8 7 4 2 6 5 4 1 1 1 1 0 1 2 3 7 13 16 15 10 4 1 1 4 6 12 14 4 14 13 5 4 2 1 0 0 0 2 12 14 1 16 14 6 4 1 2 4 6 10 11 14 17 17 15 12 9 8 14 17 14 13 21 13 12 9 7 7 8 13 -9999 -9999 -9999 -9999 -9999 -9999 -9999 -9999 -9999 -9999 -9999 -9999 -9999 -9999 -9999 -9999 -9999 -9999 -9999 -9999 -9999 -9999 -9999
3 7 8 9 6 8 6 8 5 5 1 5 4 3 2 0 1 2 3 5 6 5 2 0 3 5 3 3 9 16 14 9 9 15 15 9 1 1 0 1 1 10 15 3 13 16 11 6 1 1 2 5 5 6 8 9 10 10 10 14 14 5 8 18 17 16 15 5 4 -9999 -9999 -9999 -9999 -9999 -9999 -9999 -9999 -9999 -9999 -9999 -9999 -9999 -9999 -9999 -9999 -9999 -9999 -9999 -9999 -9999 -9999 -9999 -9999 -9999 -9999 -9999
9 9 9 8 4 6 6 8 6 1 6 7 4 5 6 4 3 2 1 0 0 2 5 7 10 9 6 1 3 8 10 6 7 13 14 11 2 1 1 1 1 7 14 7 8 14 13 7 2 2 2 2 5 2 0 2 4 6 10 10 16 18 17 14 12 11 8 8 14 -9999 -9999 -9999 -9999 -9999 -9999 -9999 -9999 -9999 -9999 -9999 -9999 -9999 -9999 -9999 -9999 -9999 -9999 -9999 -9999 -9999 -9999 -9999 -9999 -9999 -9999 -9999
8 6 5 5 4 4 5 6 1 8 13 10 8 7 8 8 8 6 2 0 0 3 4 7 11 10 12 8 5 4 4 4 12 9 15 9 1 0 1 1 1 6 14 8 5 14 13 6 3 6 8 6 3 6 8 12 11 2 8 6 8 10 11 21 14 4 14 17 19 -9999 -9999 -9999 -9999 -9999 -9999 -9999 -9999 -9999 -9999 -9999 -9999 -9999 -9999 -9999 -9999 -9999 -9999 -9999 -9999 -9999 -9999 -9999 -9999 -9999 -9999 -9999
3 1 2 2 3 5 4 1 7 9 11 9 10 7 7 9 10 10 3 3 1 2 5 8 11 7 12 14 9 8 9 6 4 9 7 4 3 1 1 2 3 4 12 10 9 13 6 9 6 12 12 14 6 4 7 13 18 19 7 8 16 22 19 11 10 14 -9999 -9999 -9999 -9999 -9999 -9999 -9999 -9999 -9999 -9999 -9999 -9999 -9999 -9999 -9999 -9999 -9999 -9999 -9999 -9999 -9999 -9999 -9999 -9999 -9999 -9999 -9999 -9999 -9999 -9999
2 3 2 4 3 3 3 8 7 7 8 7 1 5 9 9 7 12 6 4 3 0 2 6 14 12 5 12 11 5 6 6 6 0 0 3 6 6 3 2 4 5 7 7 7 8 5 7 9 19 15 18 15 3 8 14 7 14 11 5 20 21 7 14 17 10 16 -9999 -9999 -9999 -9999 -9999 -9999 -9999 -9999 -9999 -9999 -9999 -9999 -9999 -9999 -9999 -9999 -9999 -9999 -9999 -9999 -9999 -9999 -9999 -9999 -9999 -9999 -9999 -9999 -9999
2 4 6 5 1 2 5 7 5 4 3 7 4 5 6 4 4 9 9 5 3 2 1 4 15 16 7 8 9 7 4 1 6 6 4 4 5 6 6 3 3 5 4 2 2 6 7 7 11 18 11 16 22 11 8 14 9 12 7 7 14 20 17 16 5 2 14 -9999 -9999 -9999 -9999 -9999 -9999 -9999 -9999 -9999 -9999 -9999 -9999 -9999 -9999 -9999 -9999 -9999 -9999 -9999 -9999 -9999 -9999 -9999 -9999 -9999 -9999 -9999 -9999 -9999
5 3 2 1 4 4 3 7 9 8 7 6 7 4 2 3 5 7 9 7 7 5 2 3 16 18 6 6 7 7 7 4 4 7 6 5 4 5 6 8 6 3 3 2 4 7 12 14 12 14 6 6 21 13 7 17 3 15 5 14 12 11 7 13 16 17 19 14 13 -9999 -9999 -9999 -9999 -9999 -9999 -9999 -9999 -9999 -9999 -9999 -9999 -9999 -9999 -9999 -9999 -9999 -9999 -9999 -9999 -9999 -9999 -9999 -9999 -9999 -9999 -9999
4 3 8 9 10 10 10 8 8 7 4 3 3 3 5 9 11 11 8 10 15 12 4 1 14 19 12 3 4 5 5 6 5 6 6 4 3 4 7 8 8 7 6 5 4 6 9 14 15 16 7 11 20 12 5 21 3 14 16 16 11 16 15 7 2 9 17 13 12 -9999 -9999 -9999 -9999 -9999 -9999 -9999 -9999 -9999 -9999 -9999 -9999 -9999 -9999 -9999 -9999 -9999 -9999 -9999 -9999 -9999 -9999 -9999 -9999 -9999 -9999 -9999
2 6 6 8 13 15 16 11 0 11 6 7 7 8 10 6 4 14 10 15 15 19 15 8 6 14 16 13 4 0 2 4 7 7 7 6 5 3 5 7 7 7 7 4 1 8 11 10 16 16 13 21 20 12 2 22 2 13 21 17 10 17 7 12 10 14 15 8 10 -9999 -9999 -9999 -9999 -9999 -9999 -9999 -9999 -9999 -9999 -9999 -9999 -9999 -9999 -9999 -9999 -9999 -9999 -9999 -9999 -9999 -9999 -9999 -9999 -9999 -9999 -9999
7 4 5 8 9 9 8 7 3 4 7 8 11 12 7 5 1 8 8 8 5 14 20 19 8 4 12 17 15 11 9 7 5 3 2 0 3 4 4 3 4 4 2 3 3 7 12 10 8 11 11 24 23 11 11 28 14 17 20 22 14 13 7 3 18 17 11 0 -9999 -9999 -9999 -9999 -9999 -9999 -9999 -9999 -9999 -9999 -9999 -9999 -9999 -9999 -9999 -9999 -9999 -9999 -9999 -9999 -9999 -9999 -9999 -9999 -9999 -9999 -9999 -9999
8 10 9 2 6 12 14 12 8 6 9 6 12 14 8 5 5 7 8 3 3 5 10 20 17 4 2 10 15 14 13 13 12 10 6 4 3 7 8 4 3 4 2 3 10 13 8 7 14 9 15 28 24 5 22 30 18 24 12 25 18 1 11 9 19 14 11 -9999 -9999 -9999 -9999 -9999 -9999 -9999 -9999 -9999 -9999 -9999 -9999 -9999 -9999 -9999 -9999 -9999 -9999 -9999 -9999 -9999 -9999 -9999 -9999 -9999 -9999 -9999 -9999 -9999
10 7 12 15 10 7 9 5 3 3 3 4 5 16 12 6 8 2 5 3 4 2 3 14 20 7 6 11 6 1 5 3 1 5 7 6 6 6 7 7 4 6 1 6 12 12 9 8 10 15 32 27 11 12 27 23 11 22 9 18 27 10 5 12 17 4 -9999 -9999 -9999 -9999 -9999 -9999 -9999 -9999 -9999 -9999 -9999 -9999 -9999 -9999 -9999 -9999 -9999 -9999 -9999 -9999 -9999 -9999 -9999 -9999 -9999 -9999 -9999 -9999 -9999 -9999
10 6 11 12 11 6 7 10 4 13 17 17 10 10 15 12 11 8 5 2 1 1 0 12 18 7 11 17 17 12 5 6 4 7 10 5 2 7 1 4 6 7 4 9 16 11 10 11 5 23 16 4 17 32 31 16 8 16 22 8 16 20 10 13 11 2 -9999 -9999 -9999 -9999 -9999 -9999 -9999 -9999 -9999 -9999 -9999 -9999 -9999 -9999 -9999 -9999 -9999 -9999 -9999 -9999 -9999 -9999 -9999 -9999 -9999 -9999 -9999 -9999 -9999 -9999
6 4 10 9 14 4 3 10 1 14 13 14 20 9 4 14 13 9 6 4 3 2 1 10 15 7 10 12 3 12 11 8 8 6 8 2 3 3 7 7 11 9 6 10 20 11 10 6 20 18 10 21 24 26 17 11 13 20 24 23 2 26 23 12 4 2 10 -9999 -9999 -9999 -9999 -9999 -9999 -9999 -9999 -9999 -9999 -9999 -9999 -9999 -9999 -9999 -9999 -9999 -9999 -9999 -9999 -9999 -9999 -9999 -9999 -9999 -9999 -9999 -9999 -9999
3 7 7 8 13 5 0 7 6 15 13 7 15 19 10 5 13 11 10 8 6 6 1 9 14 8 8 9 4 8 14 10 3 0 7 5 5 8 11 10 10 11 4 11 17 9 4 19 27 1 19 23 24 20 7 4 11 13 20 29 11 25 24 11 15 12 15 14 -9999 -9999 -9999 -9999 -9999 -9999 -9999 -9999 -9999 -9999 -9999 -9999 -9999 -9999 -9999 -9999 -9999 -9999 -9999 -9999 -9999 -9999 -9999 -9999 -9999 -9999 -9999 -9999
5 7 6 8 12 10 6 9 10 16 9 12 11 22 20 9 2 8 8 7 5 6 3 8 12 10 15 15 12 9 8 11 7 4 10 8 9 9 7 6 5 13 5 15 14 12 2 29 25 12 21 16 20 18 13 7 14 6 19 31 5 23 13 20 16 26 16 10 6 -9999 -9999 -9999 -9999 -9999 -9999 -9999 -9999 -9999 -9999 -9999 -9999 -9999 -9999 -9999 -9999 -9999 -9999 -9999 -9999 -9999 -9999 -9999 -9999 -9999 -9999 -9999
5 3 0 3 10 13 11 11 3 14 8 11 9 9 18 16 10 2 6 8 8 7 5 7 12 8 10 11 9 8 8 12 18 9 11 12 8 5 4 2 0 13 5 19 16 13 12 29 18 7 20 23 20 7 12 13 15 11 27 20 7 11 16 6 25 33 17 12 9 -9999 -9999 -9999 -9999 -9999 -9999 -9999 -9999 -9999 -9999 -9999 -9999 -9999 -9999 -9999 -9999 -9999 -9999 -9999 -9999 -9999 -9999 -9999 -9999 -9999 -9999 -9999
7 8 5 7 9 13 10 10 8 7 12 14 14 7 8 13 16 11 4 12 10 6 5 4 9 6 8 10 9 8 5 6 11 17 7 10 18 11 9 7 3 12 6 21 12 6 19 23 18 19 10 26 24 9 5 8 3 21 21 17 21 13 5 24 37 30 14 10 -9999 -9999 -9999 -9999 -9999 -9999 -9999 -9999 -9999 -9999 -9999 -9999 -9999 -9999 -9999 -9999 -9999 -9999 -9999 -9999 -9999 -9999 -9999 -9999 -9999 -9999 -9999 -9999
13 12 12 6 3 9 9 11 9 10 2 9 11 9 0 5 12 20 16 9 9 6 3 2 6 7 7 14 7 6 5 5 5 12 17 10 14 26 6 4 4 12 8 21 10 0 19 12 20 27 22 10 31 19 4 3 4 17 16 10 13 11 14 33 32 16 7 5 -9999 -9999 -9999 -9999 -9999 -9999 -9999 -9999 -9999 -9999 -9999 -9999 -9999 -9999 -9999 -9999 -9999 -9999 -9999 -9999 -9999 -9999 -9999 -9999 -9999 -9999 -9999 -9999
10 12 10 6 6 0 7 11 9 13 15 7 7 9 6 5 3 10 15 8 5 9 6 3 2 7 9 11 3 1 4 6 7 10 15 24 13 17 21 9 7 8 8 18 13 2 16 8 10 6 18 12 22 27 13 14 10 3 12 23 12 10 27 31 24 10 5 2 -9999 -9999 -9999 -9999 -9999 -9999 -9999 -9999 -9999 -9999 -9999 -9999 -9999 -9999 -9999 -9999 -9999 -9999 -9999 -9999 -9999 -9999 -9999 -9999 -9999 -9999 -9999 -9999
12 12 10 6 2 5 1 8 9 9 13 11 10 4 4 7 11 3 10 5 2 4 9 5 2 2 1 7 10 9 7 0 5 6 7 14 25 14 10 16 11 2 10 11 13 4 9 5 4 10 10 15 10 22 16 18 19 18 24 26 11 26 23 22 17 6 8 -9999 -9999 -9999 -9999 -9999 -9999 -9999 -9999 -9999 -9999 -9999 -9999 -9999 -9999 -9999 -9999 -9999 -9999 -9999 -9999 -9999 -9999 -9999 -9999 -9999 -9999 -9999 -9999 -9999
11 20 19 3 8 4 0 1 5 4 8 5 4 3 6 3 13 10 15 10 9 9 15 16 10 9 10 8 6 5 6 7 8 6 2 6 14 22 9 9 9 10 13 6 6 14 11 12 14 10 6 7 4 10 11 11 13 14 17 11 24 29 15 13 10 3 15 -9999 -9999 -9999 -9999 -9999 -9999 -9999 -9999 -9999 -9999 -9999 -9999 -9999 -9999 -9999 -9999 -9999 -9999 -9999 -9999 -9999 -9999 -9999 -9999 -9999 -9999 -9999 -9999 -9999
6 13 20 10 2 5 6 3 7 6 8 6 1 3 6 5 12 17 15 10 9 9 13 20 19 8 5 8 8 8 5 3 3 7 5 1 4 20 17 1 6 14 19 16 18 20 20 16 6 5 8 11 11 8 5 6 8 7 11 5 25 30 15 10 3 8 -9999 -9999 -9999 -9999 -9999 -9999 -9999 -9999 -9999 -9999 -9999 -9999 -9999 -9999 -9999 -9999 -9999 -9999 -9999 -9999 -9999 -9999 -9999 -9999 -9999 -9999 -9999 -9999 -9999 -9999
17 14 9 15 18 10 3 6 7 3 6 9 7 7 8 12 9 9 3 4 6 7 5 3 12 15 14 10 9 7 7 9 10 5 5 11 13 20 15 2 1 7 16 19 17 14 16 13 9 9 6 5 1 6 13 16 18 15 17 9 27 28 13 2 -9999 -9999 -9999 -9999 -9999 -9999 -9999 -9999 -9999 -9999 -9999 -9999 -9999 -9999 -9999 -9999 -9999 -9999 -9999 -9999 -9999 -9999 -9999 -9999 -9999 -9999 -9999 -9999 -9999 -9999 -9999 -9999
18 15 14 9 12 17 8 2 3 1 2 6 6 7 7 13 14 4 11 13 14 16 16 9 4 8 22 24 17 12 8 7 2 6 13 16 18 17 8 0 3 9 9 3 2 3 4 2 12 11 2 2 7 10 11 11 8 9 11 22 31 21 11 3 -9999 -9999 -9999 -9999 -9999 -9999 -9999 -9999 -9999 -9999 -9999 -9999 -9999 -9999 -9999 -9999 -9999 -9999 -9999 -9999 -9999 -9999 -9999 -9999 -9999 -9999 -9999 -9999 -9999 -9999 -9999 -9999
11 7 7 10 12 12 8 5 8 9 7 6 14 20 18 16 13 9 17 12 11 12 16 12 10 11 3 14 20 19 18 20 20 20 17 12 10 6 0 6 16 20 18 15 9 11 9 10 18 25 22 22 14 4 16 12 8 16 4 28 23 13 5 9 -9999 -9999 -9999 -9999 -9999 -9999 -9999 -9999 -9999 -9999 -9999 -9999 -9999 -9999 -9999 -9999 -9999 -9999 -9999 -9999 -9999 -9999 -9999 -9999 -9999 -9999 -9999 -9999 -9999 -9999 -9999 -9999
19 23 19 15 11 10 6 4 14 22 26 23 24 22 14 11 0 16 21 13 10 5 14 7 15 18 20 15 12 9 4 2 6 12 8 3 1 0 3 13 23 19 16 19 15 16 10 17 14 30 10 11 22 20 5 10 7 12 19 31 11 -9999 -9999 -9999 -9999 -9999 -9999 -9999 -9999 -9999 -9999 -9999 -9999 -9999 -9999 -9999 -9999 -9999 -9999 -9999 -9999 -9999 -9999 -9999 -9999 -9999 -9999 -9999 -9999 -9999 -9999 -9999 -9999 -9999 -9999 -9999
25 21 17 12 6 5 7 16 20 20 25 26 21 12 1 5 11 14 15 10 6 4 15 10 11 10 16 17 14 14 13 15 15 13 3 0 0 4 5 16 21 8 9 19 15 17 13 19 3 23 30 23 7 11 19 21 16 13 29 26 -9999 -9999 -9999 -9999 -9999 -9999 -9999 -9999 -9999 -9999 -9999 -9999 -9999 -9999 -9999 -9999 -9999 -9999 -9999 -9999 -9999 -9999 -9999 -9999 -9999 -9999 -9999 -9999 -9999 -9999 -9999 -9999 -9999 -9999 -9999 -9999
18 10 6 4 4 5 16 21 18 12 7 7 1 8 14 21 18 7 10 10 9 8 9 10 9 15 10 13 16 14 9 5 8 14 3 7 7 6 8 10 16 17 9 10 14 13 12 14 16 5 16 29 31 20 8 11 18 13 26 15 -9999 -9999 -9999 -9999 -9999 -9999 -9999 -9999 -9999 -9999 -9999 -9999 -9999 -9999 -9999 -9999 -9999 -9999 -9999 -9999 -9999 -9999 -9999 -9999 -9999 -9999 -9999 -9999 -9999 -9999 -9999 -9999 -9999 -9999 -9999 -9999
7 2 12 11 15 16 18 15 9 2 11 13 12 13 17 22 17 14 13 11 11 9 7 8 12 14 4 8 11 10 9 8 15 11 6 11 11 6 11 10 8 11 12 5 13 14 19 13 22 32 26 13 8 22 28 16 11 15 20 1 -9999 -9999 -9999 -9999 -9999 -9999 -9999 -9999 -9999 -9999 -9999 -9999 -9999 -9999 -9999 -9999 -9999 -9999 -9999 -9999 -9999 -9999 -9999 -9999 -9999 -9999 -9999 -9999 -9999 -9999 -9999 -9999 -9999 -9999 -9999 -9999
5 2 11 11 11 15 17 14 4 14 24 22 16 15 16 16 9 10 11 9 7 5 7 7 13 9 4 7 6 3 5 15 18 4 11 4 3 6 15 18 23 21 10 8 4 4 15 3 14 20 30 31 20 4 32 25 5 15 14 -9999 -9999 -9999 -9999 -9999 -9999 -9999 -9999 -9999 -9999 -9999 -9999 -9999 -9999 -9999 -9999 -9999 -9999 -9999 -9999 -9999 -9999 -9999 -9999 -9999 -9999 -9999 -9999 -9999 -9999 -9999 -9999 -9999 -9999 -9999 -9999 -9999
