test_domain/input_old/morph/aspect.asc
ncols	288
nrows	432
xllcorner	3973369
yllcorner	2735847
cellsize	500
NODATA_value	-9999
[rows 195 to 233 of 432, columns 87 to 173 of 288]
180 135 -1 -1 -1 -1 -1 -1 -1 -1 -1 -1 -1 -1 225 212 172 156 299 327 277 243 217 217 218 197 130 225 230 220 229 250 260 246 167 157 183 183 188 175 110 87 63 66 64 286 301 320 334 1 28 30 21 20 353 343 12 34 198 172 143 347 315 309 247 187 166 212 310 354 14 23 241 245 243 197 196 103 70 41 321 286 107 100 285 0 43
-1 -1 -1 -1 -1 -1 -1 -1 -1 -1 -1 -1 -1 -1 -1 -1 -1 225 273 301 323 303 325 165 223 241 5 336 263 243 253 267 285 268 130 154 183 154 177 182 135 131 92 78 51 282 278 298 328 346 18 29 35 43 337 327 22 43 24 1 346 349 342 329 11 18 349 344 278 300 40 54 293 252 219 187 219 249 20 11 356 4 96 96 298 310 54
-1 -1 -1 -1 -1 -1 -1 -1 -1 -1 -1 -1 -1 -1 -1 -1 -1 315 295 302 331 324 9 66 281 278 323 332 316 290 280 283 275 158 108 125 177 147 147 177 143 268 14 48 52 281 260 257 273 315 348 57 78 86 287 282 61 69 46 357 347 350 355 328 6 18 350 28 293 260 47 45 342 323 276 271 278 287 315 9 45 62 52 345 336 287 72
-1 -1 -1 -1 -1 -1 -1 -1 -1 -1 -1 -1 -1 -1 -1 -1 -1 296 297 296 311 325 52 69 289 266 281 329 316 307 285 272 241 139 146 103 137 164 138 345 10 328 359 76 91 204 250 253 264 286 208 101 85 68 303 236 157 92 68 330 338 2 4 320 347 34 29 88 90 266 310 26 349 357 339 320 306 296 270 37 81 68 357 347 23 32 336
-1 -1 -1 -1 -1 -1 -1 -1 -1 -1 -1 -1 -1 -1 -1 -1 -1 258 241 251 270 323 91 37 329 280 289 333 323 317 298 282 15 95 135 113 100 2 319 333 6 346 102 106 107 191 251 260 260 199 157 131 70 47 59 179 184 147 132 296 328 70 0 300 329 36 70 103 93 271 269 4 14 350 326 329 310 246 241 240 46 12 339 352 35 26 341
315 0 45 -1 -1 -1 -1 -1 -1 -1 -1 -1 -1 -1 -1 -1 -1 232 204 246 262 332 39 344 333 315 311 328 325 335 317 295 78 90 113 131 293 333 332 326 83 98 97 99 102 225 251 245 223 187 161 172 175 121 118 149 185 181 232 275 323 57 342 300 307 52 70 57 10 290 294 340 3 340 321 217 174 191 230 235 220 349 325 348 69 87 174
341 347 19 45 -1 -1 -1 -1 -1 -1 -1 -1 -1 -1 -1 -1 -1 310 334 306 283 232 90 315 307 303 309 326 329 349 357 203 161 121 109 29 310 312 333 63 97 83 93 95 93 45 238 224 207 193 168 175 186 157 140 145 216 259 261 241 252 358 4 303 297 80 64 39 25 280 239 183 196 204 174 163 180 212 238 229 210 207 207 187 116 96 114
326 343 42 69 -1 -1 -1 -1 -1 -1 -1 -1 -1 -1 -1 -1 -1 287 304 308 275 197 240 287 296 293 292 308 324 0 75 130 174 121 86 317 306 288 194 109 109 142 116 99 69 53 225 218 208 200 177 172 182 165 146 3 310 281 265 247 256 281 5 322 5 81 81 84 79 263 186 176 184 184 179 160 202 237 247 259 250 198 194 182 165 59 29
259 247 100 99 -1 -1 -1 -1 -1 -1 -1 -1 -1 -1 -1 315 329 291 282 252 209 282 300 300 303 292 273 272 289 76 103 102 342 44 2 296 280 252 148 125 106 108 102 89 60 52 53 225 203 204 191 173 209 300 334 353 343 315 306 326 333 329 346 227 144 142 154 133 135 174 124 84 135 180 198 168 228 247 260 278 191 143 177 178 199 214 122
219 190 137 121 -1 -1 -1 -1 -1 -1 -1 -1 -1 315 341 315 324 321 317 336 339 322 316 305 307 313 287 279 269 113 114 238 314 13 15 306 279 300 101 112 93 92 83 77 58 57 65 60 -1 243 277 312 313 293 299 350 329 336 333 324 358 81 159 168 150 150 167 184 123 140 235 351 54 83 209 228 278 288 291 259 151 149 203 320 332 301 282
219 188 150 135 -1 -1 -1 -1 -1 315 0 45 315 320 341 321 310 319 330 342 350 330 318 305 295 315 308 300 294 84 61 320 298 19 64 307 277 126 118 157 145 140 143 126 122 85 67 55 345 336 302 301 287 252 227 213 264 270 233 209 168 137 148 150 124 140 175 215 188 93 258 255 90 96 200 227 252 260 236 168 158 206 290 301 326 5 263
45 -1 -1 -1 -1 -1 -1 -1 315 320 0 20 332 318 334 331 312 299 301 328 352 336 312 306 300 310 304 292 2 22 40 340 289 77 78 324 280 109 109 138 150 142 146 128 82 64 63 67 11 270 255 246 239 242 208 216 226 203 193 204 186 124 101 45 81 102 174 225 210 131 220 212 133 115 261 249 225 215 197 173 190 249 239 230 227 145 184
35 45 -1 -1 -1 -1 315 350 18 337 350 16 336 321 333 341 340 324 303 316 346 345 333 321 312 288 254 260 307 333 39 34 260 108 46 333 300 57 85 88 90 93 39 357 17 32 62 57 42 146 219 262 304 340 343 316 311 294 286 287 248 124 258 355 67 53 359 11 182 163 205 203 141 120 263 293 323 225 217 213 239 249 231 244 237 159 259
18 48 45 -1 315 321 297 331 12 357 354 13 355 324 333 346 350 339 328 332 344 349 329 297 214 185 211 244 284 313 33 59 311 331 24 351 294 43 72 59 43 52 353 351 34 53 64 50 56 69 257 268 281 328 344 338 341 312 259 221 175 163 188 180 140 119 270 86 81 45 225 192 154 315 332 300 319 59 286 299 304 291 300 279 249 249 296
29 68 73 -1 270 283 262 249 305 342 358 21 6 332 332 347 353 340 336 57 157 176 196 199 170 195 252 281 294 305 41 59 336 327 49 25 304 8 56 48 47 48 14 16 48 51 60 47 55 64 348 241 243 266 306 152 205 184 205 208 180 168 168 168 172 170 175 161 135 90 -1 -1 -1 289 323 337 332 28 318 296 304 302 303 273 277 304 309
29 50 60 45 225 244 231 213 225 235 216 359 357 342 335 3 87 189 178 145 152 183 203 203 192 271 299 289 272 282 39 44 339 339 73 40 294 354 59 50 53 44 12 25 47 61 51 45 51 36 31 135 234 230 198 174 186 177 241 262 279 34 56 62 324 90 90 225 180 135 315 345 22 283 270 313 341 12 352 309 287 300 330 13 279 300 319
225 78 55 35 45 234 225 225 240 231 224 261 303 329 144 154 169 171 167 163 335 346 26 215 270 298 315 300 291 303 5 37 338 27 77 70 253 227 57 40 53 25 0 35 56 49 22 54 58 10 36 43 246 211 206 194 178 221 255 263 296 353 29 48 48 45 85 315 0 45 281 311 17 9 298 286 316 11 9 340 308 312 355 109 277 294 325
188 186 33 59 76 225 215 222 225 218 206 200 194 179 155 156 190 6 3 340 334 357 33 24 264 245 271 321 327 330 351 23 351 36 73 65 278 259 336 30 39 0 5 61 70 52 37 70 63 339 62 73 68 149 212 194 195 229 243 268 288 326 38 79 105 284 355 339 21 59 287 301 354 14 346 309 317 349 10 349 323 340 96 131 276 259 160
315 347 135 132 75 340 17 323 334 126 192 198 202 180 122 330 342 351 348 346 349 13 19 55 137 241 262 277 232 243 295 14 11 49 60 40 355 311 318 346 1 344 61 94 98 105 126 111 105 279 81 60 27 34 30 270 212 235 249 250 254 270 111 118 323 337 347 350 29 18 329 322 347 13 357 329 318 333 3 5 338 26 84 307 271 188 144
328 115 137 154 251 296 24 311 332 22 22 330 330 356 346 325 326 332 327 333 359 21 18 74 84 269 258 199 219 265 282 109 135 153 56 41 356 339 3 301 318 339 88 97 100 98 120 116 111 183 95 18 12 44 59 333 347 285 243 225 249 208 126 210 306 349 353 3 25 358 341 334 346 10 1 348 310 289 345 59 315 88 97 245 244 146 139
157 143 135 315 270 264 332 299 298 30 46 319 280 327 344 337 338 337 341 325 335 19 18 76 85 252 238 235 274 280 251 131 167 285 30 39 353 5 63 266 260 259 76 68 60 70 53 34 54 83 225 257 339 54 56 334 326 8 244 212 219 175 130 277 291 359 30 45 349 343 346 339 345 5 11 46 162 228 186 140 185 167 128 207 197 141 145
154 135 -1 282 0 257 259 273 258 142 93 5 273 271 315 329 342 351 354 0 297 322 14 82 87 239 253 273 271 213 188 137 222 248 146 65 28 99 25 318 284 293 67 69 71 65 26 59 90 39 328 345 350 28 36 12 327 14 72 166 198 179 181 261 248 177 150 234 304 336 348 353 147 223 62 92 128 197 175 150 185 177 146 190 186 140 124
-1 -1 -1 245 203 236 241 249 238 140 312 351 319 245 206 214 223 160 163 180 184 198 198 86 72 12 250 220 187 190 193 166 203 189 171 190 171 182 234 305 330 329 68 86 91 88 105 117 123 243 270 292 353 32 38 41 21 349 34 40 32 270 231 227 215 183 189 271 304 358 141 157 163 191 181 137 137 174 171 167 182 166 170 166 191 201 0
0 45 -1 284 303 293 285 276 258 315 297 312 120 216 213 238 225 146 156 188 184 195 192 125 79 78 216 194 190 196 194 181 193 172 164 195 199 236 258 275 331 150 99 87 90 94 103 114 118 253 214 208 184 176 154 104 7 1 0 28 22 9 12 225 211 189 218 239 219 159 150 164 169 184 181 158 150 167 171 214 182 141 222 299 351 292 316
18 75 -1 270 225 283 289 293 301 298 281 332 38 21 277 279 284 89 70 320 190 205 173 163 135 106 354 108 219 213 191 183 195 169 160 258 286 317 311 295 127 152 167 128 106 66 61 61 350 6 29 225 180 184 173 197 249 335 326 34 5 6 35 37 344 228 228 214 196 168 152 163 173 184 186 148 40 353 356 329 8 344 338 342 9 296 233
48 84 -1 279 0 283 281 282 289 301 296 319 37 58 277 258 234 46 43 29 36 327 16 73 82 352 14 31 32 225 181 182 203 170 223 246 227 220 218 197 145 142 167 149 136 123 83 62 359 6 23 33 51 23 336 261 263 304 346 28 312 1 61 21 19 39 228 215 202 170 154 149 330 331 332 356 8 7 1 340 2 335 340 0 17 25 323
53 66 315 321 358 304 291 293 302 306 310 327 89 108 255 253 253 306 34 43 69 292 315 25 2 341 16 18 20 36 25 45 -1 -1 225 204 205 206 193 184 166 151 159 120 133 156 123 88 67 225 23 34 31 16 351 349 302 302 354 35 268 165 60 342 21 39 10 355 12 45 320 322 314 327 330 356 21 27 22 321 342 341 345 21 41 43 321
100 41 325 325 358 292 278 295 320 303 299 9 71 56 279 242 256 282 63 96 101 276 274 328 352 344 18 10 19 27 21 36 45 -1 -1 225 223 203 190 185 177 184 192 145 127 125 102 81 82 123 266 354 23 10 3 355 327 302 330 17 22 77 288 304 19 38 29 40 91 276 324 323 291 290 297 330 28 42 37 324 292 323 346 19 48 0 333
129 280 304 327 342 305 282 290 324 307 290 57 62 29 32 278 274 276 114 118 194 320 281 285 322 345 24 5 14 23 28 45 56 45 -1 -1 -1 -1 -1 -1 270 231 189 185 57 39 54 66 46 36 303 298 7 0 13 1 344 327 331 348 22 55 282 278 340 48 68 75 48 321 300 311 261 258 278 309 25 50 37 32 274 279 316 47 74 328 321
42 301 294 321 322 329 296 278 292 295 260 90 35 24 55 315 295 324 95 97 270 270 265 266 251 204 136 168 223 342 32 51 58 48 -1 -1 -1 -1 -1 -1 225 247 338 317 340 41 50 36 32 45 315 296 312 338 21 5 343 337 337 323 39 81 250 266 296 54 74 76 32 70 226 228 234 263 272 270 117 46 53 39 321 285 269 97 78 320 329
20 330 330 319 319 331 299 267 235 215 252 300 11 66 84 291 289 6 50 37 0 136 234 242 225 166 136 166 204 214 216 84 86 86 315 345 22 45 -1 -1 -1 267 284 288 319 10 18 21 27 31 346 329 306 319 23 0 338 357 332 322 65 86 249 255 244 117 104 118 192 125 227 251 268 258 233 188 192 184 114 3 323 288 228 113 5 326 0
28 352 308 302 308 339 310 298 289 292 298 307 45 95 98 284 290 334 23 30 43 80 194 230 224 145 134 157 197 210 197 145 123 125 289 321 10 7 4 11 19 261 233 231 251 306 4 21 31 30 1 348 315 313 15 344 338 3 337 319 104 93 351 273 241 123 106 117 205 145 300 293 287 251 215 189 200 196 169 240 229 187 189 166 219 229 175
96 101 274 277 277 295 288 301 330 325 316 327 55 78 1 293 305 331 27 75 88 80 89 219 201 150 137 149 191 211 192 160 136 135 263 265 319 340 357 15 36 62 216 222 233 242 268 7 37 36 14 6 318 327 353 321 327 356 36 126 121 53 10 270 244 102 86 82 270 270 271 279 292 285 264 236 210 223 218 222 201 162 183 174 193 199 179
84 54 281 279 272 265 293 300 309 315 303 174 123 104 315 294 302 334 53 84 87 65 67 117 179 153 135 90 -1 315 317 16 68 -1 264 255 269 293 331 13 41 51 45 225 237 252 258 273 33 29 23 30 326 324 354 318 305 357 84 90 13 11 36 54 240 120 83 79 225 196 225 243 259 290 302 326 355 301 306 324 22 104 173 189 303 325 59
30 22 295 286 327 285 282 288 285 266 191 150 147 255 299 283 282 319 63 68 38 47 84 91 73 63 45 90 315 315 325 49 81 315 308 315 297 280 282 351 37 30 31 45 245 252 249 239 262 19 33 32 359 331 355 339 306 93 99 60 347 17 41 67 216 263 74 76 0 324 275 246 243 229 247 274 331 323 314 332 107 103 111 301 315 347 74
8 24 322 289 144 265 278 292 301 210 147 92 356 318 287 276 267 258 48 46 14 55 80 90 60 354 11 29 354 292 257 110 104 289 300 315 317 302 280 298 14 16 37 54 45 236 235 227 220 198 127 29 17 334 349 354 335 52 54 16 351 50 96 95 45 203 115 99 -1 270 -1 239 237 236 248 258 263 230 207 171 143 138 303 294 288 128 133
351 9 331 307 135 284 289 298 0 306 354 22 344 345 285 265 248 240 284 13 2 49 66 69 329 325 45 65 56 201 177 142 65 273 243 258 280 294 272 259 262 338 59 68 64 225 228 210 199 206 227 239 51 307 308 110 218 347 39 63 146 141 119 111 72 103 105 95 56 215 180 198 230 232 230 239 223 184 204 195 18 344 336 319 349 93 115
345 0 0 349 337 308 290 231 233 304 348 48 335 335 332 238 237 249 258 296 336 41 63 66 327 200 137 128 98 6 18 346 0 36 201 234 236 218 232 225 223 215 108 83 64 21 225 199 202 209 206 201 183 197 178 157 219 254 97 97 110 109 84 79 84 68 64 58 48 18 18 341 244 239 238 237 217 204 253 285 312 325 330 344 90 94 88
324 11 41 321 316 309 290 330 301 292 343 63 343 311 54 174 248 267 296 297 304 65 67 49 40 87 121 83 337 355 21 345 341 17 37 246 237 226 234 237 237 214 119 71 37 23 41 45 225 208 197 202 195 191 175 172 271 267 99 67 54 57 74 4 347 35 69 80 78 18 11 0 315 257 258 263 268 276 287 298 285 260 245 138 136 138 114
