test_domain/input_old/morph/aspect.asc
ncols	288
nrows	432
xllcorner	3973369
yllcorner	2735847
cellsize	500
NODATA_value	-9999
[rows 156 to 194 of 432, columns 87 to 173 of 288]
308 260 147 139 160 196 187 137 106 135 219 260 264 250 235 245 247 228 92 105 156 165 157 120 139 166 118 98 45 -1 263 270 279 33 86 108 143 236 258 102 171 177 111 122 130 112 71 287 258 206 183 221 271 297 153 146 184 158 181 207 182 155 195 268 275 233 181 206 219 220 245 248 248 270 -9999 -9999 128 162 161 -9999 -9999 -9999 -9999 -9999 -9999 -9999 -9999
244 142 152 153 48 2 185 165 165 54 319 243 226 229 261 277 273 232 92 51 17 24 28 63 75 105 114 98 68 -1 239 246 234 171 122 122 165 221 227 142 129 163 120 121 142 154 173 261 220 184 218 248 220 207 160 127 261 33 77 225 192 160 249 255 213 195 203 267 258 250 248 231 239 247 308 65 78 137 201 224 214 260 276 -9999 -9999 -9999 -9999
147 143 146 279 90 106 113 138 245 232 135 195 221 251 292 309 275 170 92 17 16 52 56 42 31 14 32 57 71 -1 225 231 218 180 147 149 185 228 247 191 124 157 93 83 76 18 180 205 183 178 212 195 175 209 188 115 273 49 84 -1 -1 -1 234 229 192 210 257 282 278 264 243 222 234 237 229 90 80 92 194 201 199 234 233 -9999 -9999 -9999 -9999
149 190 261 182 153 153 152 135 217 202 7 28 287 279 258 226 199 167 199 181 161 102 68 11 357 5 55 73 69 -1 -1 225 212 182 164 195 202 233 246 203 104 28 79 79 67 26 74 -1 -1 -1 225 183 146 281 302 97 236 174 76 12 33 45 225 240 204 220 230 217 233 225 222 224 226 230 220 169 107 97 137 196 221 234 207 149 -9999 -9999 -9999
137 285 299 88 85 70 344 11 109 206 270 23 306 248 199 231 227 95 219 154 166 197 8 353 327 137 101 93 85 -1 -1 -1 225 180 276 280 166 216 233 231 303 18 70 77 70 20 33 45 -1 315 0 26 309 311 31 94 232 214 243 353 22 37 45 234 212 218 223 231 246 225 222 229 209 224 215 182 134 116 125 249 251 224 198 165 127 -9999 -9999
297 292 188 135 120 26 337 0 26 19 231 183 190 219 233 257 254 293 109 129 163 229 257 126 137 135 113 102 95 -1 -1 -1 -1 -1 248 242 14 325 279 258 259 53 72 68 77 11 347 36 41 290 334 26 285 271 106 100 284 225 202 246 337 15 24 36 206 214 223 242 243 206 204 212 199 222 215 175 140 130 146 237 206 204 227 246 72 -9999 -9999
223 189 194 141 90 296 319 349 19 57 96 167 191 222 243 247 257 287 69 82 113 241 240 150 117 111 110 105 93 -1 -1 -1 -1 -1 225 256 304 342 340 331 322 34 92 95 82 356 307 32 47 324 299 26 230 198 164 63 60 180 185 248 278 340 26 33 26 38 243 239 221 192 205 220 210 229 229 144 87 82 -1 225 180 257 273 277 63 34 -9999
236 270 316 18 45 297 309 344 21 46 46 52 347 277 276 251 248 231 113 92 89 267 246 152 100 89 86 70 4 11 30 45 315 0 45 281 299 334 355 2 15 57 84 61 43 354 334 52 68 6 289 71 90 184 260 315 31 27 345 300 289 307 46 53 52 67 274 278 282 185 229 235 222 244 249 239 83 84 -1 -1 315 291 285 299 22 359 -9999
242 255 255 120 130 261 237 201 157 93 51 69 29 275 259 255 235 183 173 138 144 215 195 184 141 92 80 32 336 14 37 52 333 -1 90 285 291 316 356 30 58 75 65 22 37 337 9 73 47 13 330 18 52 50 257 244 335 39 353 295 282 263 101 84 58 38 9 270 287 356 348 246 223 237 235 196 128 86 45 -1 286 284 281 284 36 351 -9999
210 213 201 171 176 191 175 180 178 174 180 155 179 245 254 246 168 174 202 109 110 181 185 194 174 110 97 165 285 357 36 52 49 180 315 281 275 278 336 66 76 68 37 32 43 316 68 67 354 20 33 341 34 46 332 265 285 27 26 264 239 237 30 51 58 74 86 213 236 259 359 16 281 223 208 191 201 23 53 45 270 266 265 259 305 -9999 -9999
192 203 202 192 183 183 163 337 24 102 165 173 203 254 270 206 130 171 214 174 70 46 109 190 199 121 99 154 240 247 60 67 67 -1 288 275 270 274 316 69 69 28 20 28 23 17 77 70 345 90 56 353 11 20 16 322 312 1 22 357 300 270 203 128 132 147 154 341 269 255 254 16 0 357 315 253 259 245 74 57 266 249 249 255 289 -9999 -9999
165 177 216 207 216 297 336 359 49 55 44 87 228 240 226 206 109 148 198 207 158 119 86 118 207 130 101 111 243 233 181 90 82 -1 264 262 265 261 254 68 48 16 38 51 58 63 62 77 116 79 357 343 11 6 17 320 305 344 22 7 343 153 160 149 141 140 279 312 300 255 244 259 323 1 6 344 338 308 17 48 354 298 265 266 274 -9999 -9999
174 237 274 174 210 238 243 137 132 226 12 57 17 247 242 217 125 135 215 199 165 170 151 117 178 141 113 72 292 255 212 110 94 -1 258 253 246 221 203 194 29 19 51 64 60 54 80 90 341 358 342 348 21 4 357 321 339 45 153 333 23 93 107 116 109 -1 254 266 286 263 272 287 283 293 339 339 4 350 2 44 15 347 293 272 270 -9999 -9999
215 262 156 126 188 215 211 166 94 300 324 79 71 241 210 196 180 17 14 139 157 173 178 150 157 137 119 313 316 193 181 142 113 -1 288 279 238 203 196 207 200 180 121 96 52 54 60 18 349 339 343 3 14 355 352 335 18 68 300 191 146 104 92 91 90 315 280 278 318 316 286 298 329 289 272 285 347 356 359 37 33 21 294 270 271 280 -9999
244 219 161 131 142 211 210 206 255 294 24 62 46 32 175 198 225 239 105 120 143 179 184 162 163 112 333 290 15 115 139 145 130 -1 297 321 351 7 30 212 199 192 172 149 185 173 1 359 355 332 339 10 17 345 354 8 72 87 135 146 167 78 67 74 90 309 326 317 329 352 254 232 226 289 291 255 212 215 278 34 40 44 345 261 260 268 272
176 195 172 113 100 180 206 230 243 240 273 31 34 30 22 25 223 205 154 130 102 113 178 183 310 16 353 324 106 100 85 68 59 -1 286 305 347 13 26 11 0 345 241 90 147 251 301 346 6 321 311 17 12 340 17 71 82 75 91 136 216 149 104 104 344 308 314 315 314 8 49 209 227 253 278 247 198 211 225 237 40 51 27 294 272 264 253
145 209 251 48 67 80 135 244 243 233 238 300 55 41 20 48 47 291 30 26 16 21 16 335 323 354 22 82 123 102 59 38 43 45 259 256 256 30 25 1 11 24 345 10 33 307 277 305 50 218 220 202 302 325 46 54 37 56 65 81 183 159 123 93 308 280 254 204 208 193 104 37 238 220 199 181 200 242 255 255 311 42 21 344 305 252 223
149 212 223 173 123 108 -1 225 238 232 240 257 67 37 37 85 27 326 1 13 14 21 15 340 321 22 99 88 45 14 23 36 55 68 233 225 208 200 245 326 51 57 324 9 40 4 270 211 149 161 196 209 225 231 27 33 41 64 74 81 49 66 53 12 357 242 193 170 190 194 216 302 6 265 194 183 235 255 268 266 217 150 115 254 243 209 235
315 315 248 171 130 135 -1 -1 237 240 250 254 41 21 78 93 296 285 345 36 35 33 25 351 333 59 60 38 25 17 22 23 53 71 225 222 212 219 225 201 150 148 289 339 24 12 358 59 129 152 216 241 242 231 234 116 100 96 88 58 35 53 39 21 72 171 205 39 21 225 243 257 333 8 25 33 269 273 267 212 174 182 186 212 183 209 264
338 341 270 90 90 -1 -1 -1 225 252 253 247 226 147 87 78 305 282 296 47 58 57 54 47 11 32 46 49 48 50 344 347 33 44 39 284 236 225 211 198 183 267 300 323 6 10 6 28 27 18 12 294 281 282 257 138 129 124 98 65 91 110 137 151 137 141 263 265 90 90 263 263 266 348 36 47 264 247 220 194 306 333 331 358 18 334 300
135 158 184 170 135 -1 315 0 321 282 237 233 227 206 93 75 299 268 262 48 77 88 108 127 166 181 146 132 96 25 334 316 2 38 43 15 12 195 199 220 245 263 263 268 316 8 2 29 25 25 33 346 274 280 324 90 104 115 100 105 116 121 143 149 135 -1 225 195 158 315 291 273 262 242 39 30 357 311 328 354 334 345 327 337 37 343 310
180 30 45 -1 -1 315 344 345 308 339 246 249 251 249 76 58 347 279 271 127 109 105 91 93 123 162 152 143 189 198 250 280 304 22 39 27 29 54 332 285 290 290 278 265 209 217 271 11 24 44 37 1 353 293 276 85 73 52 75 96 96 50 31 25 39 45 315 341 1 323 283 273 257 218 252 328 355 341 335 359 1 147 197 226 113 324 329
345 0 63 315 337 341 25 284 248 175 194 260 252 244 338 31 2 323 244 142 118 79 67 84 97 79 23 47 69 183 212 258 286 336 41 33 40 70 305 289 297 315 311 176 196 247 275 188 141 122 125 325 28 338 336 58 42 43 62 63 12 29 50 37 45 50 299 329 5 24 246 231 230 258 288 285 268 214 247 270 102 139 201 249 325 332 333
45 309 25 352 315 120 127 183 198 175 211 224 242 260 302 19 12 140 139 150 126 95 110 105 76 3 42 94 96 23 305 258 232 194 151 145 119 94 314 301 286 265 180 144 202 238 231 140 145 150 219 233 135 248 303 34 30 54 66 64 35 87 92 45 47 49 290 291 76 95 166 203 237 261 260 213 191 220 241 179 123 127 267 286 300 299 169
49 322 288 74 159 153 152 161 161 180 221 202 253 262 252 146 143 141 120 151 175 145 111 42 23 19 82 88 45 331 330 0 183 175 170 181 88 49 302 300 232 202 165 144 212 243 241 116 125 192 247 188 168 208 200 184 141 102 92 82 80 92 75 15 15 20 313 302 70 46 43 45 253 245 218 202 261 286 203 153 132 163 277 288 251 176 145
10 52 153 168 135 116 -1 -1 -1 -1 -1 315 268 261 219 157 149 149 114 115 144 148 318 8 43 60 66 35 358 318 324 22 10 9 347 352 56 75 234 198 180 181 169 162 218 242 222 131 122 212 189 166 178 204 200 189 168 122 81 45 33 38 55 344 340 354 333 347 12 13 31 43 266 249 243 266 275 251 142 132 117 237 248 204 188 170 132
237 97 104 191 153 135 -1 -1 -1 -1 -1 292 269 257 207 164 149 153 144 105 85 135 204 206 70 48 38 16 346 306 325 332 338 2 351 27 66 48 110 188 184 177 187 230 240 223 201 159 147 197 190 166 241 236 263 311 350 8 9 21 38 45 40 348 353 0 321 353 69 310 12 47 9 258 246 240 237 203 150 150 156 256 181 183 185 183 180
217 108 101 -1 -1 -1 -1 -1 -1 -1 315 293 269 246 202 187 156 149 173 167 47 59 124 210 217 70 29 0 345 308 321 316 311 354 12 47 33 27 41 48 197 250 307 338 8 0 204 177 346 332 333 353 10 355 313 317 343 0 5 44 66 51 26 8 21 32 298 53 82 303 354 57 52 274 259 250 227 198 136 139 225 266 113 164 185 188 200
220 102 65 45 -1 -1 -1 -1 -1 -1 288 277 255 228 213 201 158 164 220 270 338 56 73 169 220 207 176 302 335 308 293 298 297 309 84 87 69 74 82 82 86 277 290 318 4 8 11 358 338 341 335 354 10 359 328 313 340 113 161 93 85 55 22 45 65 68 266 122 55 278 157 118 102 268 237 210 196 196 135 112 279 261 115 151 187 188 203
210 175 120 81 333 11 45 -1 -1 -1 251 232 220 221 229 198 152 190 236 226 231 88 75 64 225 202 212 266 302 301 274 268 253 198 123 90 66 87 93 96 100 289 298 313 349 4 12 5 341 332 303 320 347 353 336 304 117 126 165 130 102 113 159 97 76 67 188 115 191 177 153 149 172 207 188 188 196 200 150 165 246 164 128 153 204 188 197
210 195 164 153 270 90 90 -1 -1 -1 225 206 209 231 232 187 154 189 201 204 227 180 80 81 113 211 270 270 252 270 270 256 223 214 65 63 90 95 93 94 303 285 295 316 6 186 329 26 106 192 244 267 267 255 192 201 128 109 142 158 123 104 26 56 52 43 37 39 100 96 55 40 45 180 135 -1 225 200 163 192 204 170 119 24 45 184 183
315 0 45 225 206 168 135 -1 -1 -1 -1 -1 225 235 227 179 154 182 189 222 239 221 109 119 146 268 257 199 209 229 243 237 222 203 175 143 146 146 131 119 265 261 249 199 169 194 226 141 130 208 243 234 246 214 167 188 144 107 108 147 157 349 357 18 34 14 20 30 11 0 7 38 61 45 315 334 10 40 45 -1 -1 294 332 357 355 20 42
277 0 82 -1 -1 -1 -1 -1 -1 -1 -1 -1 -1 232 239 173 130 212 180 258 260 242 109 116 180 216 185 170 215 233 236 205 180 174 171 164 153 149 132 89 216 241 223 198 196 213 226 125 123 233 256 265 265 180 162 165 147 135 120 111 299 321 351 31 48 4 37 47 14 353 50 84 67 4 322 316 4 17 10 26 45 262 290 326 347 18 31
248 180 111 -1 -1 -1 -1 -1 -1 -1 -1 -1 -1 225 250 175 105 237 254 280 259 186 136 119 217 263 92 106 244 244 216 164 168 164 161 174 127 359 7 38 54 239 235 237 244 245 243 111 116 261 280 285 232 144 168 166 138 144 145 267 286 298 344 74 84 101 96 74 69 124 155 108 8 22 305 284 342 10 19 39 46 284 254 249 241 343 35
251 180 108 -1 -1 -1 -1 -1 -1 -1 -1 -1 -1 -1 225 180 135 225 277 277 207 155 168 20 348 331 6 36 348 229 186 147 300 356 5 354 353 349 18 50 37 17 250 247 229 228 235 104 108 247 240 207 185 132 154 176 134 127 334 335 291 276 142 114 116 157 160 131 85 56 45 30 332 45 307 246 207 212 14 59 68 55 243 210 225 237 70
225 180 135 -1 -1 -1 -1 -1 -1 -1 -1 -1 -1 -1 -1 -1 -1 -1 247 231 175 45 317 343 353 319 19 78 80 239 244 349 310 318 348 358 359 0 51 46 30 49 207 226 202 211 207 136 128 223 227 199 176 151 146 184 158 266 303 341 295 223 148 132 127 157 186 196 57 13 16 1 351 34 34 274 268 301 335 83 83 1 27 203 233 219 206
-1 -1 -1 -1 -1 -1 -1 -1 -1 -1 -1 -1 -1 -1 315 320 3 45 225 207 223 282 295 301 335 311 107 107 341 347 354 343 319 290 281 346 22 45 54 21 43 69 73 206 203 210 197 160 139 223 222 192 171 168 162 185 192 230 236 204 186 169 152 150 141 53 336 284 295 158 282 340 21 52 52 331 315 321 56 101 90 321 39 55 217 217 200
0 45 -1 -1 -1 -1 -1 -1 -1 -1 -1 -1 -1 -1 296 293 14 74 -1 -1 273 277 283 281 301 325 61 11 319 338 5 344 322 316 286 203 156 77 35 13 66 72 60 68 236 216 205 266 349 6 225 181 176 183 176 185 200 216 217 189 171 162 156 167 229 305 59 198 180 164 197 195 183 153 22 328 310 90 125 104 288 284 46 48 1 352 124
-1 90 -1 -1 -1 -1 -1 -1 -1 -1 -1 -1 -1 -1 258 244 165 108 341 348 282 262 227 246 277 261 88 312 278 260 349 329 286 262 220 166 179 193 160 72 77 70 59 59 7 295 317 318 338 8 26 36 15 210 167 212 215 211 209 180 165 164 174 211 231 203 154 171 177 149 207 204 226 267 325 329 310 97 99 91 303 283 69 58 351 19 48
