test_domain/input_old/morph/aspect.asc
ncols	288
nrows	432
xllcorner	3973369
yllcorner	2735847
cellsize	500
NODATA_value	-9999
[rows 156 to 194 of 432, columns 174 to 260 of 288]
-9999 -9999 -9999 -9999 -9999 -9999 -9999 -9999 -9999 -9999 -9999 -9999 -9999 -9999 -9999 -9999 -9999 -9999 -9999 -9999 -9999 -9999 133 128 164 194 162 143 212 206 161 142 142 162 184 207 168 -9999 -9999 -9999 -9999 -9999 -9999 -9999 -9999 -9999 -9999 -9999 -9999 -9999 -9999 -9999 -9999 -9999 -9999 -9999 -9999 -9999 -9999 -9999 -9999 -9999 -9999 -9999 -9999 -9999 -9999 -9999 -9999 -9999 -9999 -9999 -9999 -9999 -9999 -9999 -9999 -9999 -9999 -9999 -9999 -9999 -9999 -9999 -9999 -9999 -9999
-9999 -9999 -9999 -9999 -9999 -9999 -9999 -9999 -9999 -9999 -9999 -9999 -9999 -9999 -9999 -9999 -9999 -9999 -9999 83 132 170 158 133 135 210 183 130 186 202 189 163 167 169 196 250 225 -9999 -9999 -9999 -9999 -9999 -9999 -9999 -9999 -9999 -9999 -9999 -9999 -9999 -9999 -9999 -9999 -9999 -9999 -9999 -9999 -9999 -9999 -9999 -9999 -9999 -9999 -9999 -9999 -9999 -9999 -9999 -9999 -9999 -9999 -9999 -9999 -9999 -9999 -9999 -9999 -9999 -9999 -9999 -9999 -9999 -9999 -9999 -9999 -9999 -9999
-9999 -9999 -9999 -9999 -9999 -9999 -9999 -9999 -9999 -9999 -9999 -9999 -9999 -9999 -9999 268 270 273 242 129 143 169 172 152 133 233 237 77 77 196 197 168 177 201 279 299 75 -9999 -9999 -9999 -9999 -9999 -9999 -9999 -9999 -9999 -9999 -9999 -9999 -9999 -9999 -9999 -9999 -9999 -9999 -9999 -9999 -9999 -9999 -9999 -9999 -9999 -9999 -9999 -9999 -9999 -9999 -9999 -9999 -9999 -9999 -9999 -9999 -9999 -9999 -9999 -9999 -9999 -9999 -9999 -9999 -9999 -9999 -9999 -9999 -9999 -9999
-9999 -9999 -9999 -9999 -9999 -9999 -9999 -9999 -9999 -9999 -9999 -9999 -9999 -9999 -9999 254 275 251 162 131 130 133 195 175 115 237 251 103 87 87 192 297 342 330 297 242 -9999 -9999 -9999 -9999 -9999 -9999 -9999 -9999 -9999 -9999 -9999 -9999 -9999 -9999 -9999 -9999 -9999 -9999 -9999 -9999 -9999 -9999 -9999 -9999 -9999 -9999 -9999 -9999 -9999 -9999 -9999 -9999 -9999 -9999 -9999 -9999 -9999 -9999 -9999 -9999 -9999 -9999 -9999 -9999 -9999 -9999 -9999 -9999 -9999 -9999 -9999
-9999 -9999 -9999 -9999 -9999 -9999 -9999 -9999 -9999 -9999 -9999 -9999 -9999 -9999 -9999 316 346 159 158 150 174 112 172 217 119 206 226 150 138 127 251 284 306 318 287 -9999 -9999 -9999 -9999 -9999 -9999 -9999 -9999 -9999 -9999 -9999 -9999 -9999 -9999 -9999 -9999 -9999 -9999 -9999 -9999 -9999 -9999 -9999 -9999 -9999 -9999 -9999 -9999 -9999 -9999 -9999 -9999 -9999 -9999 -9999 -9999 -9999 -9999 -9999 -9999 -9999 -9999 -9999 -9999 -9999 -9999 -9999 -9999 -9999 -9999 -9999 -9999
-9999 -9999 -9999 -9999 -9999 -9999 -9999 -9999 -9999 -9999 -9999 -9999 -9999 -9999 -9999 290 112 116 135 142 206 158 141 218 126 174 214 164 150 159 216 230 234 266 1 32 -9999 -9999 -9999 -9999 -9999 -9999 -9999 -9999 -9999 -9999 -9999 -9999 -9999 -9999 -9999 -9999 -9999 -9999 -9999 -9999 -9999 -9999 -9999 -9999 -9999 -9999 -9999 -9999 -9999 -9999 -9999 -9999 -9999 -9999 -9999 -9999 -9999 -9999 -9999 -9999 -9999 -9999 -9999 -9999 -9999 -9999 -9999 -9999 -9999 -9999 -9999
-9999 -9999 -9999 -9999 -9999 -9999 -9999 -9999 -9999 -9999 -9999 -9999 -9999 -9999 4 161 129 119 129 91 194 193 138 178 168 157 186 183 167 101 280 296 310 315 116 150 0 -9999 -9999 -9999 -9999 -9999 -9999 -9999 -9999 -9999 -9999 -9999 -9999 -9999 -9999 -9999 -9999 -9999 -9999 -9999 -9999 -9999 -9999 -9999 -9999 -9999 -9999 -9999 -9999 -9999 -9999 -9999 -9999 -9999 -9999 -9999 -9999 -9999 -9999 -9999 -9999 -9999 -9999 -9999 -9999 -9999 -9999 -9999 -9999 -9999 -9999
-9999 -9999 -9999 -9999 -9999 -9999 -9999 -9999 -9999 -9999 -9999 -9999 -9999 -9999 44 89 103 114 168 143 147 188 139 142 188 181 303 320 320 341 312 307 306 149 156 196 271 309 -9999 -9999 -9999 -9999 -9999 -9999 -9999 -9999 -9999 -9999 -9999 -9999 -9999 -9999 -9999 -9999 -9999 -9999 -9999 -9999 -9999 -9999 -9999 -9999 -9999 -9999 -9999 -9999 -9999 -9999 -9999 -9999 -9999 -9999 -9999 -9999 -9999 -9999 -9999 -9999 -9999 -9999 -9999 -9999 -9999 -9999 -9999 -9999 -9999
-9999 -9999 -9999 -9999 -9999 -9999 -9999 -9999 -9999 -9999 -9999 105 104 140 130 114 85 73 96 145 147 172 158 121 323 326 338 358 336 340 299 257 164 158 193 290 300 323 -9999 -9999 -9999 220 240 210 -9999 -9999 -9999 -9999 -9999 -9999 -9999 -9999 -9999 -9999 -9999 -9999 -9999 -9999 -9999 -9999 -9999 -9999 -9999 -9999 -9999 -9999 -9999 -9999 -9999 -9999 -9999 -9999 -9999 -9999 -9999 -9999 -9999 -9999 -9999 -9999 -9999 -9999 -9999 -9999 -9999 -9999 -9999
-9999 -9999 -9999 -9999 -9999 -9999 -9999 -9999 -9999 -9999 185 142 147 171 159 160 150 83 82 116 120 145 265 322 341 349 357 22 344 341 214 191 159 307 309 314 286 291 -9999 121 124 178 240 204 145 159 168 245 284 -9999 -9999 -9999 -9999 -9999 -9999 -9999 -9999 -9999 -9999 -9999 -9999 -9999 -9999 -9999 -9999 -9999 -9999 -9999 -9999 -9999 -9999 -9999 -9999 -9999 -9999 -9999 -9999 -9999 -9999 -9999 -9999 -9999 -9999 -9999 -9999 -9999 -9999
-9999 -9999 -9999 -9999 -9999 -9999 -9999 -9999 -9999 -9999 87 106 123 163 162 182 226 88 90 126 122 332 318 335 358 15 26 32 55 161 341 330 333 348 338 344 325 283 101 101 117 176 232 197 156 171 217 266 184 140 150 -9999 -9999 -9999 -9999 -9999 -9999 -9999 -9999 -9999 -9999 -9999 -9999 -9999 -9999 -9999 -9999 -9999 -9999 -9999 -9999 -9999 -9999 -9999 -9999 -9999 -9999 -9999 -9999 -9999 -9999 -9999 -9999 -9999 -9999 -9999 -9999
-9999 -9999 -9999 -9999 -9999 -9999 -9999 -9999 -9999 -9999 93 104 113 120 156 209 241 130 95 110 141 295 302 349 88 139 158 159 123 327 336 338 325 343 344 346 350 317 53 73 82 154 219 202 139 190 234 212 163 153 221 205 -9999 -9999 -9999 -9999 -9999 -9999 -9999 -9999 -9999 -9999 -9999 -9999 -9999 -9999 -9999 -9999 -9999 -9999 -9999 -9999 -9999 -9999 -9999 -9999 -9999 -9999 -9999 -9999 -9999 -9999 -9999 -9999 -9999 -9999 -9999
-9999 -9999 -9999 -9999 -9999 -9999 -9999 -9999 -9999 -9999 127 116 119 108 135 226 247 155 87 84 0 281 281 77 94 123 155 256 323 337 341 343 321 308 314 321 348 322 49 68 73 92 223 203 134 204 207 187 176 182 252 214 -9999 -9999 -9999 -9999 -9999 -9999 -9999 -9999 -9999 -9999 -9999 -9999 -9999 -9999 -9999 -9999 -9999 -9999 -9999 -9999 -9999 -9999 -9999 -9999 -9999 -9999 -9999 -9999 -9999 -9999 -9999 -9999 -9999 -9999 -9999
-9999 -9999 -9999 -9999 -9999 -9999 -9999 -9999 -9999 130 138 133 136 116 123 257 279 19 92 103 264 275 276 80 82 83 71 302 312 342 322 309 296 191 213 231 209 173 151 106 90 78 161 189 143 215 210 200 252 290 246 200 225 -9999 48 22 -9999 -9999 -9999 -9999 -9999 -9999 -9999 -9999 -9999 -9999 -9999 -9999 -9999 -9999 -9999 -9999 -9999 -9999 -9999 -9999 -9999 -9999 -9999 -9999 -9999 -9999 -9999 -9999 -9999 -9999 -9999
278 -9999 -9999 -9999 -9999 -9999 -9999 125 118 125 138 147 157 139 132 280 294 22 69 71 281 262 240 149 124 102 304 290 284 131 170 201 176 194 261 206 174 187 160 110 96 80 103 167 164 236 220 243 275 227 150 182 195 199 206 122 48 338 -9999 -9999 -9999 -9999 -9999 -9999 -9999 -9999 -9999 -9999 -9999 -9999 -9999 -9999 -9999 -9999 -9999 -9999 -9999 -9999 -9999 -9999 -9999 -9999 -9999 -9999 -9999 -9999 -9999
261 -9999 -9999 -9999 -9999 -9999 144 147 134 130 140 142 162 188 30 279 279 36 70 74 276 250 208 166 166 116 290 259 198 146 157 195 193 217 227 155 162 252 124 102 95 85 94 150 290 18 247 277 279 131 124 169 188 207 201 181 215 259 110 103 114 -9999 -9999 -9999 -9999 -9999 -9999 -9999 -9999 -9999 -9999 -9999 -9999 -9999 -9999 -9999 -9999 -9999 -9999 -9999 -9999 -9999 -9999 -9999 -9999 -9999 -9999
237 229 230 -9999 -9999 145 142 152 139 131 143 139 169 248 153 247 229 177 127 97 8 259 210 156 191 207 215 194 179 165 158 304 304 271 248 93 329 329 128 137 135 110 100 113 233 182 308 304 321 93 90 70 123 206 202 204 242 220 152 135 112 111 -9999 -9999 -9999 -9999 -9999 -9999 -9999 -9999 -9999 -9999 -9999 -9999 -9999 -9999 -9999 -9999 -9999 -9999 -9999 -9999 -9999 -9999 -9999 -9999 -9999
253 246 246 190 149 139 135 152 148 127 122 135 -1 225 180 211 206 185 163 125 170 237 197 153 199 214 184 181 240 317 343 340 348 342 350 83 227 153 125 151 152 134 130 73 216 266 296 289 136 129 136 149 111 191 241 244 234 204 166 130 107 29 -9999 -9999 -9999 -9999 -9999 -9999 -9999 -9999 -9999 -9999 -9999 -9999 -9999 -9999 -9999 -9999 -9999 -9999 -9999 -9999 -9999 -9999 -9999 -9999 -9999
273 281 272 127 115 119 119 139 162 146 117 -1 315 325 346 343 358 120 177 153 341 255 199 205 311 348 19 341 325 315 333 336 339 8 94 128 177 171 143 141 149 132 177 165 323 309 275 181 149 131 139 135 102 135 244 259 243 231 217 122 120 235 -9999 -9999 -9999 -9999 -9999 -9999 -9999 -9999 -9999 -9999 -9999 -9999 -9999 -9999 -9999 -9999 -9999 -9999 -9999 -9999 -9999 -9999 -9999 -9999 -9999
270 240 195 150 102 93 101 127 165 164 135 315 323 329 345 353 6 28 26 337 353 352 354 326 303 342 25 338 326 310 303 321 6 121 122 110 125 175 170 145 140 133 173 274 301 219 163 155 154 149 120 135 139 32 299 279 301 323 315 37 60 300 298 -9999 -9999 -9999 -9999 -9999 -9999 -9999 -9999 -9999 -9999 -9999 -9999 -9999 -9999 -9999 -9999 -9999 -9999 -9999 -9999 -9999 -9999 -9999 -9999
245 170 177 171 131 124 114 111 -1 315 343 318 324 322 327 3 354 19 32 342 0 6 344 330 308 321 10 342 335 307 262 218 141 137 149 138 101 96 166 156 156 151 305 309 339 132 171 122 128 194 166 153 225 308 330 319 275 261 282 30 36 334 323 -9999 -9999 -9999 -9999 -9999 -9999 -9999 -9999 -9999 -9999 -9999 -9999 -9999 -9999 -9999 -9999 -9999 -9999 -9999 -9999 -9999 -9999 -9999 -9999
30 114 172 176 123 125 133 135 0 310 331 323 336 347 327 353 353 8 16 352 2 8 348 335 345 347 332 356 39 198 205 196 116 100 126 175 138 110 135 137 83 0 258 214 159 145 180 154 123 210 248 332 335 329 331 2 299 236 225 176 293 322 2 333 -9999 -9999 -9999 -9999 -9999 -9999 -9999 -9999 -9999 -9999 -9999 -9999 -9999 -9999 -9999 -9999 -9999 -9999 -9999 -9999 -9999 -9999 -9999
75 103 202 333 78 80 52 333 45 299 324 332 326 338 311 322 342 14 26 359 2 39 0 264 325 355 24 140 171 217 176 242 63 80 89 166 169 156 165 180 243 135 194 190 172 165 180 183 63 333 315 312 318 258 209 163 159 228 216 199 255 266 331 315 323 -9999 -9999 -9999 -9999 -9999 -9999 -9999 -9999 -9999 -9999 -9999 -9999 -9999 -9999 -9999 -9999 -9999 -9999 -9999 -9999 -9999 -9999
119 116 283 335 41 38 31 45 30 272 264 206 210 225 234 216 196 167 151 198 175 126 155 218 220 184 140 136 211 218 162 217 158 112 105 117 139 135 270 315 152 163 35 305 289 341 0 347 4 349 298 229 185 172 187 176 193 223 223 256 292 306 320 291 169 156 -9999 -9999 -9999 -9999 -9999 -9999 -9999 -9999 -9999 -9999 -9999 -9999 -9999 -9999 -9999 -9999 -9999 -9999 -9999 -9999 -9999
120 113 270 275 67 73 82 90 298 270 255 281 333 293 249 194 176 180 206 309 75 108 127 228 207 183 158 120 241 198 163 228 150 115 114 121 144 61 270 156 100 285 330 4 318 304 28 356 341 59 184 177 202 322 339 345 346 1 341 312 292 230 209 170 116 116 32 -9999 -9999 -9999 -9999 -9999 -9999 -9999 -9999 -9999 -9999 -9999 -9999 -9999 -9999 -9999 -9999 -9999 -9999 -9999 -9999
102 122 262 237 131 117 119 133 263 283 299 325 4 7 317 72 114 228 276 293 94 95 106 228 213 183 166 134 217 195 182 249 144 121 126 125 205 164 182 214 351 333 337 359 12 194 161 188 218 95 357 344 340 330 326 343 345 8 11 304 170 183 195 189 194 256 333 77 -9999 -9999 -9999 -9999 -9999 -9999 -9999 -9999 -9999 -9999 -9999 -9999 -9999 -9999 -9999 -9999 -9999 -9999 -9999
107 149 222 201 152 108 100 280 309 309 298 299 46 22 72 139 130 212 234 212 113 104 110 200 202 189 144 125 204 209 227 211 140 134 150 135 225 180 135 282 296 310 321 96 114 93 115 213 276 341 352 336 347 332 312 149 179 174 179 148 116 180 197 188 226 244 165 141 -9999 -9999 -9999 -9999 -9999 -9999 -9999 -9999 -9999 -9999 -9999 -9999 -9999 -9999 -9999 -9999 -9999 -9999 -9999
138 139 189 210 170 122 115 301 315 322 265 220 233 343 74 107 141 266 270 210 130 135 163 173 180 196 158 119 198 208 217 184 135 123 135 -1 315 345 23 246 208 204 187 160 175 144 66 323 307 317 334 254 197 248 151 141 178 197 239 144 110 165 199 181 240 229 192 356 2 -9999 -9999 -9999 -9999 -9999 -9999 -9999 -9999 -9999 -9999 -9999 -9999 -9999 -9999 -9999 -9999 -9999 -9999
172 130 171 239 168 118 124 279 280 143 209 237 202 183 134 100 329 308 332 92 114 132 171 177 169 191 173 138 180 210 213 184 152 135 315 338 358 13 41 296 270 185 189 175 181 189 292 309 263 210 210 138 180 214 162 100 45 242 204 158 125 349 15 55 237 229 242 278 328 -9999 -9999 -9999 -9999 -9999 -9999 -9999 -9999 -9999 -9999 -9999 -9999 -9999 -9999 -9999 -9999 -9999 -9999
191 145 184 210 168 140 143 248 207 145 220 215 168 173 175 143 223 243 182 129 111 115 120 171 135 -1 -1 -1 -1 -1 315 0 45 -1 282 301 351 29 34 336 14 50 338 153 161 255 263 216 158 207 218 113 142 211 193 179 150 183 180 222 310 345 35 51 318 276 271 273 304 341 -9999 -9999 -9999 -9999 -9999 -9999 -9999 -9999 -9999 -9999 -9999 -9999 -9999 -9999 -9999 -9999 -9999
196 165 185 177 168 0 60 225 189 164 208 188 167 169 193 165 210 208 175 156 138 151 135 -1 -1 -1 -1 -1 -1 -1 278 0 71 0 245 242 250 32 23 334 21 47 45 80 8 225 217 182 159 213 205 149 137 251 262 288 12 48 15 290 299 355 67 61 351 300 293 297 326 105 182 -9999 -9999 -9999 -9999 -9999 -9999 -9999 -9999 -9999 -9999 -9999 -9999 -9999 -9999 -9999 -9999
341 8 327 2 343 327 29 45 225 229 209 90 349 0 225 180 209 194 163 160 135 -1 315 348 18 350 343 356 11 8 341 338 7 38 206 274 303 352 26 18 357 55 68 66 0 78 282 331 20 315 225 210 334 340 322 330 37 75 345 282 273 98 87 23 354 323 306 313 353 40 346 335 -9999 -9999 -9999 -9999 -9999 -9999 -9999 -9999 -9999 -9999 -9999 -9999 -9999 -9999 -9999
10 341 353 15 11 339 16 33 27 333 322 19 343 1 68 -1 225 191 108 45 -1 315 317 351 13 341 344 3 21 12 343 328 29 76 96 263 263 237 103 101 270 84 83 85 180 108 287 316 1 17 356 330 331 341 315 346 90 75 345 247 255 322 30 343 350 352 340 340 6 41 344 -9999 -9999 -9999 -9999 -9999 -9999 -9999 -9999 -9999 -9999 -9999 -9999 -9999 -9999 -9999 -9999
11 335 356 16 3 4 36 55 37 336 325 41 16 126 102 325 5 29 -1 321 337 339 331 351 357 352 352 13 32 20 336 290 102 69 26 235 217 185 170 200 290 68 71 42 351 26 271 252 235 41 355 325 294 273 262 90 45 36 60 259 260 270 353 333 342 3 342 345 59 76 322 -9999 -9999 -9999 -9999 -9999 -9999 -9999 -9999 -9999 -9999 -9999 -9999 -9999 -9999 -9999 -9999
16 309 272 357 354 28 53 51 31 326 336 33 48 82 27 339 9 36 39 276 273 240 244 289 349 74 151 257 15 23 2 41 55 47 67 90 215 190 223 266 326 23 32 23 8 29 351 249 226 235 255 172 186 197 226 256 25 80 78 301 279 279 310 335 -9999 -9999 -9999 -9999 -9999 -9999 -9999 -9999 -9999 -9999 -9999 -9999 -9999 -9999 -9999 -9999 -9999 -9999 -9999 -9999 -9999 -9999 -9999
173 173 237 217 199 77 50 48 41 330 334 25 35 8 3 20 12 36 52 225 201 183 201 218 184 146 196 271 355 71 353 20 53 107 117 45 17 52 241 243 202 168 182 87 64 61 5 339 286 219 173 169 219 302 286 278 59 88 74 286 288 290 275 -9999 -9999 -9999 -9999 -9999 -9999 -9999 -9999 -9999 -9999 -9999 -9999 -9999 -9999 -9999 -9999 -9999 -9999 -9999 -9999 -9999 -9999 -9999 -9999
180 191 214 186 208 259 38 48 25 352 358 35 5 347 19 37 33 65 79 86 288 352 203 209 185 173 241 245 180 153 274 62 99 97 42 352 18 36 341 217 187 178 192 183 187 355 351 22 90 186 196 312 318 330 308 246 196 73 10 315 293 272 -9999 -9999 -9999 -9999 -9999 -9999 -9999 -9999 -9999 -9999 -9999 -9999 -9999 -9999 -9999 -9999 -9999 -9999 -9999 -9999 -9999 -9999 -9999 -9999 -9999
182 197 192 196 223 221 207 25 10 357 23 37 343 347 22 42 48 55 73 79 282 293 74 14 315 240 220 211 206 230 271 95 82 17 24 40 336 6 31 36 225 270 237 227 253 292 342 44 42 5 342 297 277 305 51 248 261 54 0 304 295 259 -9999 -9999 -9999 -9999 -9999 -9999 -9999 -9999 -9999 -9999 -9999 -9999 -9999 -9999 -9999 -9999 -9999 -9999 -9999 -9999 -9999 -9999 -9999 -9999 -9999
41 305 293 219 216 217 234 234 182 225 78 78 285 315 59 73 64 57 56 20 350 334 41 23 0 135 195 209 218 209 213 164 110 315 8 5 3 15 53 51 3 329 14 59 234 246 243 73 49 32 2 350 269 287 17 343 321 25 337 310 313 -9999 -9999 -9999 -9999 -9999 -9999 -9999 -9999 -9999 -9999 -9999 -9999 -9999 -9999 -9999 -9999 -9999 -9999 -9999 -9999 -9999 -9999 -9999 -9999 -9999 -9999
