test_domain/input_old/morph/aspect.asc
ncols	288
nrows	432
xllcorner	3973369
yllcorner	2735847
cellsize	500
NODATA_value	-9999
[rows 78 to 116 of 432, columns 87 to 173 of 288]
153 150 154 174 207 199 164 161 206 213 141 139 261 254 252 216 225 215 197 191 195 160 215 232 218 223 220 135 288 63 63 93 205 184 138 155 167 196 171 146 135 -1 -1 -1 -1 -1 -1 -1 -1 -1 -1 -1 -1 -1 -1 -1 270 292 301 289 180 168 233 233 219 145 86 275 251 252 250 257 227 128 95 74 314 321 353 345 279 283 -9999 -9999 -9999 -9999 -9999
112 140 154 170 206 189 169 169 226 231 319 350 346 217 203 174 199 213 203 192 206 230 152 218 237 222 211 166 178 136 124 120 173 204 164 340 356 28 47 45 0 45 -1 -1 -1 -1 -1 -1 -1 -1 -1 -1 -1 -1 -1 -1 225 239 230 222 151 173 263 256 243 192 163 255 265 267 270 272 151 120 105 95 263 258 313 345 315 321 -9999 -9999 -9999 -9999 -9999
84 49 42 45 180 135 -1 315 236 247 280 353 79 155 193 190 192 208 209 212 250 274 97 246 258 229 239 131 163 136 130 143 348 338 335 339 28 82 80 16 10 1 348 11 0 347 19 45 -1 -1 -1 -1 -1 -1 -1 -1 -1 225 203 213 163 279 297 306 304 347 330 329 307 279 266 227 141 60 70 80 237 239 254 289 299 301 -9999 -9999 -9999 -9999 -9999
92 75 83 86 -1 -1 315 315 348 279 268 246 46 37 48 225 198 229 226 237 251 252 96 251 257 197 192 138 147 114 41 330 339 336 335 24 96 100 40 3 25 8 329 359 7 356 45 70 -1 -1 -1 -1 -1 -1 -1 -1 -1 -1 -1 225 180 246 245 263 291 42 278 267 227 238 226 218 268 83 97 99 287 282 288 308 321 273 -9999 -9999 -9999 -9999 -9999
113 137 132 90 347 25 333 239 213 245 232 225 295 32 42 36 296 288 288 249 222 226 114 167 233 160 164 164 159 127 299 301 317 313 3 84 53 21 352 10 45 44 292 315 35 74 109 106 -1 -1 -1 -1 -1 -1 -1 -1 -1 -1 -1 315 0 233 225 242 233 150 213 213 219 256 260 276 290 85 98 97 314 312 301 312 3 -9999 -9999 -9999 -9999 -9999 -9999
157 139 135 264 270 90 120 188 191 212 211 208 197 195 108 48 6 149 226 189 197 241 215 115 189 160 145 173 181 165 267 272 279 280 37 77 348 344 355 52 82 82 239 221 147 120 119 135 -1 -1 -1 -1 -1 -1 -1 -1 -1 -1 -1 292 334 349 318 269 243 162 264 277 290 283 289 302 293 92 93 321 304 307 269 222 160 -9999 -9999 -9999 -9999 -9999 -9999
113 95 320 330 37 113 0 341 18 45 219 202 191 205 190 171 195 9 327 70 294 260 190 132 156 166 135 315 326 347 310 278 273 252 214 66 311 297 103 115 113 112 169 209 159 125 115 -1 -1 -1 -1 -1 -1 -1 -1 -1 -1 -1 -1 276 293 319 327 318 327 27 274 290 317 321 313 270 221 105 98 268 270 233 209 198 175 -9999 -9999 -9999 -9999 -9999 -9999
1 5 337 343 52 53 318 335 12 30 28 330 0 293 221 175 207 239 300 64 288 222 160 144 135 -1 315 317 320 336 334 297 270 249 284 62 281 266 102 100 98 83 16 338 84 101 97 -1 -1 -1 -1 -1 -1 -1 -1 -1 -1 -1 -1 255 245 264 289 305 357 37 306 299 308 321 3 122 187 122 100 245 242 222 229 276 320 325 -9999 -9999 -9999 -9999 -9999
332 358 352 101 102 347 332 353 14 52 57 306 340 349 358 32 95 218 199 162 169 170 148 106 356 326 319 319 307 289 302 306 298 301 306 26 295 201 111 92 51 35 5 3 42 45 60 -1 -1 -1 -1 -1 -1 -1 -1 -1 -1 -1 -1 266 288 297 293 259 207 13 327 312 285 262 120 103 152 138 90 327 303 286 322 325 324 325 -9999 -9999 -9999 -9999 -9999
227 174 177 127 98 312 328 349 40 78 60 286 294 317 90 100 95 225 198 185 168 137 274 329 356 304 290 276 252 269 275 262 273 294 310 338 314 93 78 29 44 71 126 180 25 63 78 45 -1 -1 -1 -1 -1 -1 -1 -1 -1 -1 -1 291 292 287 219 214 251 295 274 259 251 227 144 120 122 90 318 334 358 303 302 316 317 324 -9999 -9999 -9999 -9999 -9999
192 180 194 145 255 258 238 198 122 115 191 233 214 181 162 151 135 -1 315 288 153 135 280 303 351 299 262 235 248 269 267 243 259 267 281 262 194 60 45 65 101 109 148 189 208 121 96 90 -1 -1 -1 -1 -1 -1 -1 -1 -1 315 326 301 275 225 167 244 266 177 204 222 234 218 125 104 1 3 312 317 30 291 275 304 348 -9999 -9999 -9999 -9999 -9999 -9999
198 198 196 198 225 204 207 173 140 149 186 195 192 173 150 135 -1 315 322 342 17 45 268 274 315 334 293 308 305 281 286 310 287 266 231 183 176 186 137 144 140 122 130 188 208 159 115 135 -1 -1 -1 -1 -1 -1 -1 -1 -1 281 289 285 242 175 207 264 225 171 243 281 271 194 129 20 316 11 301 275 53 328 293 284 -9999 -9999 -9999 -9999 -9999 -9999 -9999
225 180 315 315 333 9 217 159 120 315 0 45 -1 315 0 45 -1 294 311 327 17 46 325 266 278 321 296 292 309 300 303 316 291 251 219 240 22 127 128 138 143 73 9 14 19 111 135 -1 -1 -1 -1 -1 -1 -1 -1 -1 -1 243 239 225 178 180 285 282 183 230 273 283 316 63 85 284 287 0 23 221 180 255 272 259 -9999 -9999 -9999 -9999 -9999 -9999 -9999
-1 -1 289 318 327 10 78 140 135 270 -1 90 315 311 349 33 39 268 275 291 18 56 32 286 288 315 312 287 287 284 273 249 229 239 300 305 120 123 122 359 2 0 8 32 54 75 -1 -1 -1 -1 -1 -1 -1 -1 -1 -1 -1 225 216 208 225 302 286 239 283 305 282 258 264 37 64 274 264 277 45 18 340 296 283 259 -9999 -9999 -9999 -9999 -9999 -9999 -9999
-1 -1 252 201 199 174 121 135 -1 225 180 135 276 279 308 56 68 279 263 230 211 75 24 313 309 319 327 305 291 283 277 259 203 250 281 138 116 101 341 335 11 36 70 89 89 90 -1 -1 -1 -1 -1 -1 -1 -1 -1 -1 -1 -1 -1 270 270 253 217 223 270 286 280 274 285 45 42 324 293 264 345 0 3 311 269 -9999 -9999 -9999 -9999 -9999 -9999 -9999 -9999
-1 -1 225 185 186 175 135 -1 -1 -1 -1 -1 270 250 225 351 16 333 319 243 255 6 353 308 309 315 328 316 305 310 315 347 111 257 214 148 114 2 332 181 148 144 148 144 112 91 -1 -1 -1 -1 -1 -1 -1 -1 -1 -1 -1 315 0 30 232 220 211 235 246 242 252 272 278 42 348 315 315 302 277 -9999 -9999 -9999 -9999 -9999 -9999 -9999 -9999 -9999 -9999 -9999 -9999
-1 -1 -1 -1 -1 -1 -1 -1 -1 -1 -1 -1 263 218 206 243 295 323 329 15 300 323 337 300 302 306 323 312 295 297 261 154 144 252 192 75 344 325 96 128 146 140 135 164 149 114 -1 -1 -1 -1 -1 -1 -1 -1 -1 -1 315 295 14 77 278 289 303 294 272 253 252 263 265 321 294 251 235 235 227 -9999 -9999 -9999 -9999 -9999 -9999 -9999 -9999 -9999 -9999 -9999 -9999
-1 -1 -1 -1 -1 -1 -1 -1 -1 -1 -1 315 270 168 264 249 245 277 323 358 316 322 347 304 292 286 286 275 260 235 172 225 336 304 331 0 351 2 66 62 66 88 95 128 139 93 -1 -1 -1 -1 -1 -1 -1 -1 -1 -1 270 275 341 26 0 295 306 319 302 302 264 260 259 256 293 292 274 260 -9999 -9999 -9999 -9999 -9999 -9999 -9999 -9999 -9999 -9999 -9999 -9999 -9999
-1 -1 -1 -1 -1 -1 -1 -1 -1 -1 -1 270 -1 90 278 296 287 288 310 349 326 313 351 320 293 280 275 268 263 260 225 274 298 298 304 300 98 40 11 62 78 92 88 4 9 60 45 -1 -1 -1 -1 -1 -1 -1 -1 -1 225 262 299 346 9 321 323 329 276 315 316 270 247 231 267 295 305 -9999 -9999 -9999 -9999 -9999 -9999 -9999 -9999 -9999 -9999 -9999 -9999 -9999 -9999
-1 315 0 45 -1 -1 -1 -1 -1 -1 -1 225 180 296 277 270 280 285 286 315 313 302 325 333 329 309 316 333 316 311 16 262 252 255 250 165 298 331 9 89 87 73 57 8 49 78 62 -1 -1 -1 -1 -1 -1 -1 -1 -1 -1 251 248 250 23 294 324 4 324 332 358 320 287 272 263 237 -9999 -9999 -9999 -9999 -9999 -9999 -9999 -9999 -9999 -9999 -9999 -9999 -9999 -9999 -9999
-1 270 -1 90 -1 -1 -1 -1 -1 -1 -1 -1 315 311 329 313 295 274 271 296 311 325 324 325 345 330 318 325 315 322 32 36 244 256 271 342 348 250 131 83 63 49 45 40 33 63 69 -1 -1 -1 -1 -1 -1 -1 -1 -1 -1 278 258 242 260 276 273 327 294 231 160 211 253 270 258 -9999 -9999 -9999 -9999 -9999 -9999 -9999 -9999 -9999 -9999 -9999 -9999 -9999 -9999 -9999 -9999
-1 225 180 135 -1 -1 -1 -1 -1 -1 -1 -1 297 309 323 320 336 285 274 292 299 318 328 301 319 334 317 270 267 262 40 40 309 278 275 172 146 181 175 106 88 67 45 48 42 75 83 -1 -1 -1 -1 -1 -1 -1 -1 -1 -1 278 296 303 307 300 216 190 189 182 190 266 299 345 329 333 -9999 -9999 -9999 -9999 -9999 -9999 -9999 -9999 -9999 -9999 -9999 -9999 -9999 -9999 -9999
-1 -1 -1 -1 -1 -1 -1 -1 -1 -1 -1 -1 283 299 317 310 0 331 293 297 286 290 336 296 295 341 168 235 230 226 246 51 335 268 245 155 117 160 181 158 152 153 117 99 113 112 102 -1 -1 -1 -1 -1 -1 -1 -1 315 348 300 254 243 234 236 132 169 251 320 331 327 322 5 336 330 62 -9999 -9999 -9999 -9999 -9999 -9999 -9999 -9999 -9999 -9999 -9999 -9999 -9999 -9999
-1 -1 -1 -1 -1 -1 -1 -1 -1 315 0 45 281 286 278 255 295 326 297 298 293 267 294 306 319 91 161 225 239 273 292 66 142 197 209 201 55 62 116 144 145 165 166 147 138 135 118 -1 -1 -1 -1 -1 -1 -1 315 279 288 336 275 232 215 218 194 329 324 323 318 307 250 168 247 -9999 -9999 -9999 -9999 -9999 -9999 -9999 -9999 -9999 -9999 -9999 -9999 -9999 -9999 -9999 -9999
-1 -1 -1 -1 -1 -1 -1 -1 -1 302 0 57 257 246 228 260 283 311 305 303 341 308 290 294 344 73 27 303 271 277 286 86 57 89 198 234 289 48 36 15 30 62 113 135 96 96 111 -1 -1 -1 -1 -1 -1 -1 313 353 50 291 347 331 322 334 329 323 323 307 210 197 213 199 211 -9999 -9999 -9999 -9999 -9999 -9999 -9999 -9999 -9999 -9999 -9999 -9999 -9999 -9999 -9999 -9999
-1 -1 -1 -1 -1 -1 -1 -1 -1 266 180 45 292 283 304 313 300 311 309 297 0 329 295 278 163 109 71 0 231 251 246 78 332 50 84 249 245 92 48 37 68 74 37 11 42 59 61 -1 -1 -1 -1 -1 -1 315 292 338 15 357 347 342 336 341 338 302 257 174 166 225 250 206 192 -9999 -9999 -9999 -9999 -9999 -9999 -9999 -9999 -9999 -9999 -9999 -9999 -9999 -9999 -9999 -9999
-1 -1 -1 -1 -1 -1 -1 -1 -1 283 329 354 323 295 294 302 297 304 301 271 255 290 266 238 137 144 285 19 30 256 220 193 248 90 72 266 244 178 120 101 78 62 38 45 75 74 67 -1 -1 -1 -1 -1 -1 312 308 324 6 19 345 328 339 5 172 223 198 151 199 271 264 177 184 212 -9999 -9999 -9999 -9999 -9999 -9999 -9999 -9999 -9999 -9999 -9999 -9999 -9999 -9999 -9999
-1 -1 -1 -1 -1 -1 -1 315 344 298 303 349 347 284 285 297 289 276 238 243 257 272 225 192 159 198 273 45 45 246 180 206 234 114 81 225 248 223 59 28 31 45 65 104 131 104 87 -1 -1 -1 -1 -1 -1 282 289 296 21 79 270 241 192 129 173 215 184 206 293 274 217 167 213 244 -9999 -9999 -9999 -9999 -9999 -9999 -9999 -9999 -9999 -9999 -9999 -9999 -9999 -9999 -9999
-1 -1 -1 -1 -1 315 324 327 329 278 270 306 5 310 272 262 248 218 203 242 257 235 151 170 189 243 255 216 93 145 161 229 249 158 115 157 215 215 189 173 185 87 87 87 82 107 115 -1 -1 -1 -1 -1 -1 263 256 217 163 149 163 198 189 147 182 202 209 253 262 244 172 179 230 248 -9999 -9999 -9999 -9999 -9999 -9999 -9999 -9999 -9999 -9999 -9999 -9999 -9999 -9999 -9999
315 324 5 45 315 322 335 21 318 324 320 315 351 342 297 256 215 216 241 261 264 240 101 60 304 283 241 226 121 123 187 276 284 45 101 138 214 214 177 194 231 74 59 35 42 74 135 -1 -1 -1 -1 -1 -1 267 260 183 153 159 160 190 188 165 225 274 287 284 248 188 165 203 255 270 11 -9999 -9999 -9999 -9999 -9999 -9999 -9999 -9999 -9999 -9999 -9999 -9999 -9999 -9999
325 341 48 90 296 304 343 55 305 297 312 319 336 357 335 282 284 297 306 299 289 341 60 12 239 204 196 194 154 120 268 282 292 19 77 86 229 202 174 225 256 355 51 57 74 85 -1 -1 -1 -1 -1 315 345 276 223 168 155 170 358 348 1 348 294 291 286 272 174 173 226 302 308 315 32 -9999 -9999 -9999 -9999 -9999 -9999 -9999 -9999 -9999 -9999 -9999 -9999 -9999 -9999
315 333 101 315 311 309 11 17 327 296 279 285 274 138 169 252 297 310 321 328 314 358 72 88 162 181 192 186 177 56 305 289 286 8 67 64 73 182 193 236 227 190 145 136 127 109 -1 -1 -1 315 0 291 316 4 191 181 312 330 339 349 18 56 235 243 230 203 169 267 308 319 308 283 88 -9999 -9999 -9999 -9999 -9999 -9999 -9999 -9999 -9999 -9999 -9999 -9999 -9999 -9999
173 158 123 289 295 303 21 1 321 299 279 239 241 346 14 308 280 279 284 302 281 147 109 98 107 147 237 278 320 318 315 306 277 164 96 77 83 129 212 226 201 175 160 152 151 135 -1 -1 -1 270 -1 244 222 167 71 316 306 267 257 259 53 59 0 265 257 268 315 295 286 261 228 208 156 -9999 -9999 -9999 -9999 -9999 -9999 -9999 -9999 -9999 -9999 -9999 -9999 -9999 -9999
154 135 63 278 275 282 77 315 234 227 229 256 294 316 9 8 276 264 264 246 156 162 145 98 95 108 291 295 313 296 293 303 48 114 140 112 101 59 26 215 182 158 161 143 135 -1 -1 -1 -1 225 180 209 223 193 204 227 213 233 248 251 323 36 37 280 257 260 279 274 262 228 223 249 300 -9999 -9999 -9999 -9999 -9999 -9999 -9999 -9999 -9999 -9999 -9999 -9999 -9999 -9999
168 278 0 291 267 229 172 260 344 315 286 285 283 280 335 25 330 287 276 216 138 151 191 101 78 329 305 319 3 249 270 294 55 81 101 95 74 45 80 154 177 135 -1 -1 -1 -1 -1 315 0 45 -1 315 320 355 24 243 237 266 283 295 303 39 45 348 306 303 296 270 264 272 273 271 263 -9999 -9999 -9999 -9999 -9999 -9999 -9999 -9999 -9999 -9999 -9999 -9999 -9999 -9999
324 309 13 270 221 192 206 230 267 315 315 306 294 292 300 29 23 257 235 180 169 147 206 161 119 292 306 344 117 218 268 296 93 116 120 102 101 118 129 135 -1 -1 -1 -1 -1 -1 315 333 18 45 45 270 277 331 48 21 293 287 298 311 340 66 28 339 332 333 343 305 255 243 268 272 254 -9999 -9999 -9999 -9999 -9999 -9999 -9999 -9999 -9999 -9999 -9999 -9999 -9999 -9999
279 279 8 45 270 239 242 245 273 303 311 320 314 299 227 185 109 223 213 191 213 186 296 75 49 296 296 25 94 211 251 245 93 84 76 92 117 135 127 -1 -1 -1 -1 -1 -1 -1 281 315 108 135 90 256 273 310 42 37 303 280 280 284 348 51 8 272 261 231 213 243 247 241 248 237 -9999 -9999 -9999 -9999 -9999 -9999 -9999 -9999 -9999 -9999 -9999 -9999 -9999 -9999 -9999
239 243 247 352 356 1 339 290 292 311 315 316 315 135 165 215 141 163 242 277 312 349 354 74 307 286 296 358 53 45 245 225 137 56 30 68 87 131 135 -1 -1 -1 -1 315 341 333 338 59 116 180 315 293 277 286 57 48 337 266 240 224 239 28 47 268 243 203 207 214 227 250 254 -9999 -9999 -9999 -9999 -9999 -9999 -9999 -9999 -9999 -9999 -9999 -9999 -9999 -9999 -9999 -9999
243 251 257 289 337 16 353 319 302 310 315 313 225 132 161 297 12 6 313 318 341 8 60 104 227 271 283 315 56 69 184 203 178 185 170 121 105 135 -1 -1 -1 -1 -1 288 315 296 0 95 108 -1 270 237 252 241 133 26 358 0 294 281 286 350 72 332 267 254 270 263 274 -9999 -9999 -9999 -9999 -9999 -9999 -9999 -9999 -9999 -9999 -9999 -9999 -9999 -9999 -9999 -9999 -9999 -9999
